6
17
24
6
71
12
15
11
2
12
29
12
45
12
18
77
11
60
21
13
10
6
15
21
9
11
8
20
7
36
65
60
16
19
12
31
86
19
12
35
34
78
50
38
38
29
19
25
43
2
34
11
16
20
30
1
8
6
16
8
3
27
71
38
17
29
49
46
23
11
17
4
30
21
33
12
20
14
24
8
4
52
28
3
45
33
12
12
14
79
18
8
2
16
7
1
38
20
3
45
12
17
6
41
5
40
55
28
37
30
22
3
4
5
4
24
16
33
15
13
22
4
10
9
10
7
11
17
1
18
6
9
20
8
3
30
14
28
1
43
4
46
9
5
11
29
26
24
14
17
5
28
9
44
23
4
7
9
11
13
12
11
6
9
10
4
29
10
5
32
15
12
27
2
31
20
51
19
9
25
16
9
12
2
28
7
29
33
39
24
13
18
24
13
16
34
42
26
14
21
51
1
10
12
12
10
18
1
6
6
