32
7
4
20
3
43
9
24
24
4
47
35
8
17
39
1
25
7
15
21
28
6
18
22
20
24
27
20
9
25
2
3
15
25
14
8
15
1
9
22
3
2
30
54
12
55
1
21
14
3
31
40
30
49
7
10
48
24
17
2
30
16
21
11
11
18
9
5
22
7
13
23
25
22
34
3
18
10
25
20
31
10
11
1
16
14
9
3
7
7
35
2
22
2
45
41
12
2
15
18
7
1
8
14
13
24
22
49
8
27
27
21
11
46
17
13
58
13
24
7
32
23
55
62
42
24
14
18
26
12
2
16
29
14
10
9
7
11
23
24
32
53
34
26
30
5
22
3
2
2
14
8
23
2
15
1
11
14
43
23
13
15
31
24
18
24
2
15
4
5
14
5
24
4
4
25
18
12
7
17
18
8
6
15
14
12
40
16
4
8
28
19
8
28
22
3
6
7
31
10
15
27
14
1
31
1
1
10
26
26
13
9
4
10
7
20
30
15
22
42
14
14
10
14
20
61
15
19
1
18
20
14
27
20
5
44
18
57
4
6
9
13
8
9
18
4
13
50
20
22
30
15
13
4
11
5
10
21
22
25
25
10
18
34
21
8
52
35
5
16
23
16
9
23
19
32
13
3
37
15
19
7
30
23
