17
7
11
22
4
57
2
13
7
3
24
21
16
16
38
3
2
11
20
7
18
9
17
8
16
51
40
16
10
24
16
49
2
23
19
26
10
17
18
14
5
4
7
29
13
2
28
10
7
6
1
11
9
16
43
50
15
5
6
2
18
1
75
27
16
41
20
5
4
37
27
61
24
66
17
15
2
35
34
13
18
50
33
11
15
18
22
21
8
9
6
9
18
39
1
11
17
4
13
6
39
47
59
13
21
8
54
29
51
2
4
48
24
31
18
15
1
18
53
7
16
56
54
53
11
21
4
21
21
14
18
4
21
22
1
6
56
7
27
13
19
13
19
18
25
19
49
25
33
27
18
21
25
21
7
14
20
1
15
31
10
35
7
68
8
9
10
10
68
40
7
29
11
9
6
19
14
1
24
3
37
5
20
21
13
6
33
11
5
18
7
12
18
14
15
2
9
13
2
19
13
53
11
9
22
19
7
12
32
50
38
11
35
35
4
6
23
11
31
44
44
8
11
34
13
31
18
