   4.3823557e+01
   6.3876815e+01
   5.1462175e+01
   3.3820233e+01
   6.1267023e+01
   3.8193908e+01
   3.0547270e+01
   8.6112944e+01
   2.2259909e+01
   6.0214919e+01
   5.6869435e+01
   5.0581185e+01
   4.1100707e+01
   8.3057028e+01
   3.0134519e+01
   5.6856581e+01
   2.6408224e+01
   3.4250108e+01
   1.2223297e+01
   2.7699565e+01
   3.2905828e+01
   5.8385076e+01
   3.9952381e+01
   6.4104281e+01
   8.1930515e+01
   6.1679485e+01
   5.2768541e+01
   3.6768414e+01
   5.5472894e+01
   7.0926548e+01
   2.1598626e+01
   5.5799494e+01
   4.9391335e+01
   6.3485189e+01
   7.1168286e+01
   3.0983802e+01
   8.1097119e+01
   4.1839560e+01
   6.3129208e+01
   4.7989321e+01
   4.4492774e+01
   9.0798487e+01
   5.4514606e+01
   4.7444985e+01
   4.2127672e+01
   4.7743692e+01
   1.7990712e+01
   6.8060898e+01
   6.9794464e+01
   5.6414995e+01
   6.5481735e+01
   7.1886963e+01
   6.8700964e+01
   7.8187299e+01
   2.1808688e+01
   6.4243567e+01
   8.1712386e+01
   6.6991928e+01
   4.3362063e+01
   8.8461903e+01
   3.3735744e+01
   3.0606188e+01
   7.4718191e+01
   4.9557011e+01
   2.5352563e+01
   2.0087291e+01
   6.4638702e+01
   5.3521789e+01
   5.5443389e+01
   4.9482298e+01
   5.3382160e+01
   4.3599267e+01
   3.5917872e+01
   6.5223110e+01
   3.8443095e+01
   5.7736877e+01
   7.7934332e+01
   1.1527585e+01
   3.3520858e+01
   1.6311542e+01
   5.1644756e+01
   2.9895263e+01
   6.9174132e+01
   3.3631040e+01
   3.3391485e+01
   2.9239106e+01
   1.5409922e+01
   8.2646075e+01
   5.6990253e+01
   5.9059523e+01
   6.3155717e+01
   1.4669395e+01
   4.2642448e+01
   6.8055357e+01
   5.0704434e+01
   8.0074263e+01
   6.5661429e+01
   5.9671621e+01
   7.3945383e+01
   5.0803594e+01
   4.0843103e+01
   3.4019530e+01
   6.5121024e+01
   2.4440598e+01
   5.8306061e+01
   5.9188629e+01
   4.9467848e+01
   4.2546534e+01
   6.0096890e+01
   5.8784888e+01
   9.1401275e+01
   4.0264130e+01
  -5.1924653e+00
   1.5373084e+01
   7.0743858e+01
   4.7014015e+01
   5.0892968e+01
   4.5980364e+01
   4.9756288e+01
   6.7703879e+01
   3.7484261e+01
   9.7939463e+00
   3.4986886e+01
   6.4880246e+01
   8.8258287e+00
   9.0909659e+01
   7.1634901e+01
   1.8965399e+01
   4.4576674e+01
  -1.5367264e+00
   6.5287822e+01
   8.1283091e+01
   7.7385389e+01
   7.5665599e+01
   5.4103124e+01
   1.0836748e+00
   3.0463140e+01
   4.9940730e+01
   5.7773006e+01
   7.2327986e+01
   7.8316326e+01
   7.1651006e+01
   4.3160158e+01
   5.5474903e+01
   6.9075106e+01
   4.5131962e+01
   3.0472454e+01
   4.7978154e+01
   5.7905380e+01
   8.0151295e+01
   5.3527560e+01
   8.4091612e+01
   4.3656271e+01
   7.9676253e+01
   6.7919619e+01
   5.2641790e+01
   5.4541111e+01
   7.9033825e+01
   8.3730667e+01
   3.8175590e+01
   4.4916369e+01
   4.2275946e+01
   2.4725707e+01
   5.9476954e+01
   3.8217697e+01
   5.7304355e+01
   5.1580016e+01
   5.3238335e+01
   5.9884834e+01
   5.9070106e+01
   5.7802665e+01
   5.7363538e+01
   6.1070383e+01
   2.8447615e+01
   7.5187353e+01
   5.1300490e+01
   2.2240159e+01
   4.7620837e+01
   5.3494285e+01
   7.0283095e+01
   5.4207892e+01
   5.1050107e+01
   7.2290670e+01
   2.9953478e+01
   2.0406557e+01
   7.5233939e+01
   6.6300002e+01
   2.1372278e+01
   6.7201815e+01
   6.3749407e+01
   4.9838666e+01
   6.7829297e+01
   4.1654436e+01
   6.5028644e+01
   3.6452264e+01
  -4.6823539e+00
   4.2871347e+01
   7.1316623e+01
   3.0193820e+01
   7.5784069e+01
   3.2424424e+01
   4.0437266e+01
   3.8372681e+01
   6.3400215e+01
   4.8557466e+01
   3.0297546e+01
   5.2121821e+01
   3.2679470e+01
   1.4173977e+01
   6.2494189e+01
   4.4024765e+01
   3.3013610e+01
   3.5997664e+01
   3.7374548e+01
   4.0293965e+01
   7.0831221e+01
   1.0242303e+02
   7.2481984e+01
   3.6047161e+01
   4.5980570e+01
   7.2137363e+01
   3.6711466e+01
   5.4344041e+00
   6.9937980e+01
   6.0689466e+01
   8.0933871e+01
   7.0152937e+01
   5.9370750e+01
   5.5819816e+01
   4.8141680e+01
   6.6406807e+01
   3.3390302e+01
   6.1311900e+01
   3.6772107e+01
   5.3003797e+00
   7.2000113e+01
   6.2654319e+01
   7.1596815e+01
   4.4061330e+01
   3.1746453e+01
   3.6687167e+01
   4.1329067e+01
   9.9028613e+01
   3.8607126e+01
   6.4099727e+01
   8.8256218e+01
   5.5399302e+01
   2.5653387e+01
   8.7480442e+01
   8.2512953e+01
   7.8710704e+01
   4.1936627e+01
   5.2221654e+01
   7.0893345e+01
   5.4599543e+01
   5.3540949e+01
   6.2266766e+01
   4.8841090e+01
   4.2604423e+01
   3.0629318e+01
   5.1334929e+01
   4.7664871e+01
   2.2677266e+01
   2.9466966e+01
   7.5699044e+01
   1.4048019e+01
  -1.1453964e+01
   1.9875666e+00
   7.1450541e+00
   2.3563388e+01
   8.0199363e+00
