35
12
23
20
7
31
16
11
30
13
2
44
6
11
8
15
7
16
47
26
8
3
15
15
10
3
6
13
13
16
33
11
41
23
27
3
5
3
5
7
10
8
65
20
14
23
15
2
29
1
2
7
4
21
13
7
37
12
3
17
7
2
4
2
2
17
14
4
31
24
7
10
18
5
20
8
21
24
23
14
9
15
8
8
2
2
39
3
24
17
4
4
13
11
19
9
9
2
6
4
9
36
33
13
23
16
37
11
13
10
19
15
24
36
28
7
13
22
4
13
21
10
7
10
31
18
6
3
1
1
33
4
16
23
8
11
7
20
3
18
9
4
20
17
4
4
3
8
13
17
2
15
32
17
18
2
35
10
5
14
3
4
29
25
19
16
4
39
4
8
23
5
3
1
29
8
14
45
21
17
2
8
2
22
10
14
25
2
16
13
8
22
30
24
13
12
19
9
18
15
10
25
3
5
9
20
9
15
2
10
13
8
3
14
15
12
13
33
17
14
10
25
23
9
32
5
16
2
4
14
14
10
2
15
9
16
20
11
18
8
5
4
2
12
22
2
45
26
7
23
2
8
16
11
6
3
7
7
23
7
3
32
13
19
19
16
9
12
15
20
9
25
2
14
21
1
34
1
7
5
15
16
43
30
26
16
12
9
17
4
20
8
6
11
5
30
31
22
14
10
10
38
24
11
11
17
12
3
12
10
12
1
1
16
15
22
2
21
18
18
28
20
9
28
33
19
23
30
