68
27
16
10
9
45
19
4
9
28
27
2
67
8
29
23
12
4
15
8
40
17
9
16
13
18
23
20
10
2
14
45
14
15
1
22
12
3
7
11
4
7
40
50
17
4
7
18
2
24
5
28
9
40
6
20
26
38
11
2
11
17
7
45
11
30
21
16
35
14
29
68
6
41
8
46
38
25
7
2
32
23
28
15
71
8
22
7
35
62
23
26
34
29
3
67
3
22
6
1
30
38
18
3
27
56
9
3
2
27
19
47
13
10
32
5
36
35
12
4
7
16
4
1
14
22
1
6
44
8
25
7
7
5
13
22
10
28
60
1
36
34
32
17
2
15
18
5
25
6
21
13
7
2
21
26
56
19
35
20
8
15
10
9
15
2
31
5
39
3
3
17
4
6
6
9
32
2
9
5
19
38
22
12
12
27
24
2
4
34
13
25
2
31
13
11
12
33
9
10
12
18
1
12
58
2
27
10
30
40
3
26
3
29
52
27
24
2
26
1
9
31
14
10
13
48
15
11
1
11
33
13
16
22
27
25
23
9
3
11
28
7
15
28
14
11
10
32
12
15
13
3
40
4
15
38
37
4
15
