  -8.6103669e+00
   6.4169946e-01
   7.9460115e+00
  -2.8658069e+00
   2.1187092e+01
  -1.3822913e-02
  -5.1538670e+00
   3.0268153e+01
  -2.4635581e+01
  -3.8310160e+00
   1.9198070e+01
   1.2717999e+01
  -6.2580972e-01
   1.4976920e+01
  -6.0204059e+00
   4.5262000e+00
  -3.3751379e+01
  -5.1765675e+00
  -2.2818044e+01
  -8.6975332e+00
  -3.1946198e+00
   1.1884956e+01
  -2.7928191e+00
   1.9362191e+01
   1.9271972e+01
   1.2583052e+01
   5.4176177e+00
  -1.0988302e+01
  -1.3370814e+00
   4.0088721e+00
  -2.5203697e+01
   1.0514360e+01
  -8.4254031e+00
   2.1299532e+00
   1.2372284e+01
  -3.1138172e+01
   2.3909622e+01
  -1.7225742e+00
   2.3816201e+00
   7.2972999e+00
  -2.6033236e+00
   1.0352208e+01
  -2.1674330e+00
  -4.6561453e+00
  -8.0951398e+00
  -1.5180146e+01
  -1.9180050e+01
   3.5206295e+00
   7.2227643e+00
   4.7689979e+00
   6.9426996e+00
  -1.8808099e+01
   1.4423516e+01
   6.1397811e+00
   2.3098617e+01
  -3.7859683e+01
   2.3326546e+01
   1.0110330e+01
   7.8881333e+00
  -2.6030669e+00
   3.5368947e+01
  -6.1246828e+01
  -7.7706707e+00
  -9.2978209e+00
   1.2212582e+01
  -2.6543539e+01
  -6.6243724e+00
  -1.4070230e+01
  -2.1917669e+01
   1.8527151e+01
   4.0237608e+00
   1.5817607e+01
   1.3791088e+01
  -2.5142251e+00
   1.3617148e+01
  -8.1301643e+00
   1.9451345e+01
  -8.1841356e+00
   2.3821160e+01
  -6.2825452e+00
  -2.7167158e+01
   1.1791000e+00
  -4.3388131e+01
   9.5360099e+00
  -1.6811401e+01
   2.4444880e+01
  -1.2549231e+01
  -1.2685966e+01
  -2.1732383e+01
  -1.3011851e+01
   6.8181845e-01
  -4.8476598e+01
   3.7113214e+00
   3.8947800e+00
   1.5456802e+01
  -3.1320241e+01
  -1.4863103e+01
  -1.1714365e+01
   2.4944236e+00
  -6.4958660e+00
   1.6131544e+01
   5.8098247e+00
   1.2867325e+01
   3.7736547e+00
  -7.5837683e+00
   7.6318392e+00
  -1.2771525e+01
   1.6365127e+00
   1.0369867e+01
  -9.3278888e+00
  -9.1743082e-01
   6.4557935e+00
  -1.1811546e+01
  -6.3177125e+00
   1.0771599e+01
   4.7911379e+00
   2.2736904e+01
  -7.0619051e+00
  -3.9357595e+01
  -2.1545467e+01
   2.1333985e+01
   6.9031984e+00
   1.3048310e+01
   3.3219394e+00
  -1.2732981e+01
   4.0946298e+00
   7.5855096e+00
  -1.6913739e+01
  -7.6244710e+00
   2.2657149e+01
  -3.8837547e+01
   2.9813209e+01
   7.0747324e+00
  -4.1211399e+01
  -3.8358939e+00
  -6.7260068e+01
   2.6771026e+00
   9.5401581e+00
   1.6675270e+01
   9.5587016e+00
   4.6896466e+00
  -3.4817761e+01
  -1.3035585e+01
  -1.2492480e+01
  -1.4540728e+00
   2.5829151e+01
   9.6703610e+00
   1.8149516e+01
  -2.7238187e+01
   8.4452966e+00
   1.8448978e+01
   1.0022317e+01
  -7.7086547e+00
  -6.7368217e+00
   1.3904212e+00
   1.1968827e+01
   1.0716425e+01
   2.2811488e+01
  -1.2895160e+00
   3.0707229e+01
   1.2847416e+01
   1.7889577e+01
   8.3525523e+00
   1.0409110e+01
   4.0642644e+00
   2.0911440e+01
  -2.0343687e+00
  -1.9055925e+00
  -7.8424235e+00
  -1.1345576e+01
   5.7466985e+00
  -6.7055008e+00
   1.2177976e+00
  -8.0197049e+00
  -7.7807060e+00
   1.0881443e+01
   6.7758737e+00
  -7.8241770e+00
   9.6918373e+00
   1.2283949e+01
  -4.2092115e+00
   7.8653736e+00
   1.1173655e+01
  -1.3733003e+01
   1.2071617e+01
   6.7136748e+00
   1.5282025e+01
   1.3928877e+01
   1.1254031e+01
   2.4893893e+01
  -5.4492830e+00
  -1.4760195e+01
   1.2646102e+01
   6.1924369e+00
  -1.6676253e+01
   1.0308913e+01
   5.1528238e+00
  -5.3691498e+00
   1.3742190e+01
  -4.4895231e+00
  -5.1157114e-01
   4.7703949e+00
  -1.3595615e+01
   3.5995832e+00
  -9.0698313e+00
   2.0562650e+01
  -2.9473974e+01
  -2.4434463e+01
  -7.8788989e+00
   1.8750031e+01
  -5.2315988e-01
  -1.7780879e+01
   8.9402049e+00
  -6.0022823e+00
  -2.1336758e+01
   1.1687983e+01
   2.7424149e+00
  -1.0844861e+00
  -1.7707302e+01
   3.2878830e+00
  -2.3596519e-01
  -4.1295093e+00
   1.4340043e+01
   1.6744928e+01
  -8.1016204e+00
  -9.5488188e+00
   1.0673373e+01
   1.7583695e+01
   1.5653490e+01
   1.6857925e+01
   2.5853134e+01
   8.7117603e+00
   8.1059179e-01
   1.0237451e+01
   1.6087478e+01
  -2.0192381e+01
   1.9593153e+01
  -1.3051817e+01
  -2.5903100e+01
   1.8451387e+01
   1.6889474e+01
   1.5993910e+00
  -9.0879305e+00
  -1.5043991e+01
  -1.4057980e+01
  -1.3586485e+01
   1.7677184e+01
  -1.2521582e+01
  -1.1913708e+01
   6.9503751e+00
  -3.4698903e+00
  -2.2363221e+01
   1.5866057e+01
  -1.7156400e+01
   3.1384709e-01
   2.1663623e+01
  -1.0628147e+01
  -1.6240070e+01
   8.4636161e+00
   1.0201272e+01
   2.6998261e+00
   1.6137335e+01
   8.6250922e+00
  -7.5569328e-01
  -7.5459092e+00
  -5.8874379e+00
   3.2759856e+00
  -1.6580418e+01
  -3.1637073e-01
   9.5709458e+00
