20
33
46
5
78
46
5
11
10
38
36
62
8
25
36
53
4
37
17
12
11
7
12
21
63
3
18
14
19
13
54
67
20
12
13
14
61
7
31
24
27
12
49
1
16
19
3
34
16
14
4
3
8
6
29
6
13
46
16
17
34
10
28
36
1
2
3
16
12
20
42
25
3
3
12
64
48
15
24
37
57
21
24
16
26
3
9
12
13
11
18
15
5
20
22
4
25
17
29
23
44
53
40
39
59
27
20
69
16
27
15
48
8
39
25
4
18
17
3
7
16
8
3
6
4
13
20
1
21
2
16
11
1
18
11
9
18
17
21
7
37
22
2
15
25
43
25
2
3
3
11
9
13
19
5
25
27
3
11
21
4
20
4
19
1
7
16
2
25
11
42
14
4
14
10
1
10
12
12
3
6
5
23
40
14
33
19
5
27
15
4
10
19
28
15
12
16
7
11
16
17
5
25
1
12
19
16
5
29
