6
11
19
38
12
54
16
1
3
7
24
56
8
18
33
9
22
6
13
16
6
13
17
20
14
13
14
31
19
9
11
14
3
1
4
2
3
30
9
11
20
31
35
27
44
2
10
10
2
9
18
15
3
4
6
6
13
12
4
56
5
20
12
1
14
8
27
1
7
23
18
25
25
17
34
34
16
5
3
1
6
1
10
18
73
50
4
16
22
16
33
11
26
25
16
28
11
10
23
19
5
6
32
28
5
24
23
18
3
40
12
24
1
36
48
11
4
19
10
21
3
23
4
26
4
18
26
16
10
31
14
22
40
10
10
8
2
26
14
6
40
19
19
5
15
5
13
34
16
22
22
15
6
18
26
27
3
2
17
25
27
3
9
2
22
5
36
23
30
9
10
20
1
4
6
15
7
18
21
3
6
11
22
10
17
16
14
1
1
24
37
4
4
21
9
44
21
15
15
44
32
13
1
3
18
12
12
18
7
2
13
12
6
