6
4
15
2
24
2
17
12
6
20
1
16
2
9
25
2
4
32
7
38
11
27
45
16
18
30
26
11
52
15
43
9
2
11
11
25
7
18
23
3
57
16
9
18
30
24
7
5
21
5
15
1
20
41
3
31
6
5
2
2
7
8
13
19
18
60
23
6
5
14
26
12
17
6
12
11
12
19
48
34
21
22
36
37
38
12
42
25
12
37
2
11
19
16
38
38
12
30
14
2
12
13
14
21
20
24
12
10
33
22
19
16
1
9
15
18
22
6
6
6
9
26
13
30
9
2
12
4
9
1
7
20
8
39
2
11
32
23
18
51
5
1
25
11
23
3
4
21
45
12
16
10
8
32
24
34
16
5
39
6
2
4
7
21
13
2
33
26
29
18
8
18
3
15
4
29
17
4
1
9
10
10
9
15
3
36
21
22
26
35
3
34
8
18
10
24
9
52
14
3
17
43
23
3
6
10
13
11
23
2
17
12
28
4
15
14
5
17
22
14
8
3
2
10
21
12
14
18
10
29
13
8
24
14
15
3
26
23
8
33
34
16
18
2
14
6
41
42
4
8
