   8.9382886e+01
   9.7531071e+01
   8.7580556e+01
   7.8397977e+01
   6.8745518e+01
   7.5574863e+01
   7.8722566e+01
   8.1412822e+01
   7.4700252e+01
   6.5011544e+01
   5.2255814e+01
   6.1661845e+01
   5.9870045e+01
   4.4001930e+01
   6.1776884e+01
   5.8608100e+01
   6.3752409e+01
   5.7521303e+01
   4.8523950e+01
   5.5486543e+01
   4.9275281e+01
   6.0869189e+01
   5.2200103e+01
   5.6008491e+01
   4.6825394e+01
   4.7429671e+01
   4.7618145e+01
   6.0257291e+01
   4.1095036e+01
   4.9309555e+01
   5.2806283e+01
   3.4817018e+01
   3.3327537e+01
   5.7410529e+01
   3.9852233e+01
   3.1817074e+01
   3.4248924e+01
   4.1162170e+01
   3.4917078e+01
   4.0041829e+01
   2.6521891e+01
   4.0814297e+01
   2.4705062e+01
   3.2156838e+01
   3.1214836e+01
   4.3212758e+01
   3.0885045e+01
   2.5253621e+01
   2.0905726e+01
   2.5548232e+01
   6.4526417e+00
   2.0862900e+01
   2.2271388e+01
   7.5559789e+01
   7.3164688e+01
   7.4202861e+01
   7.5181359e+01
   6.5027090e+01
   6.1282721e+01
   6.8261955e+01
   5.7522062e+01
   5.5989489e+01
   5.4091274e+01
   4.6691445e+01
   6.6411069e+01
   5.1274450e+01
   5.7602685e+01
   5.1004882e+01
   5.6143226e+01
   5.3428630e+01
   3.2776462e+01
   3.9311171e+01
   5.8733570e+01
   5.0855671e+01
   4.3094996e+01
   4.0074287e+01
   4.9413323e+01
   3.6741847e+01
   4.9044601e+01
   4.1720809e+01
   3.8009004e+01
   2.9770695e+01
   4.5192707e+01
   2.4099078e+01
   2.9831434e+01
   2.7401782e+01
   3.3088446e+01
   3.2803578e+01
   2.4523189e+01
   1.9808546e+01
   3.4414947e+01
   2.5920657e+01
   1.4277268e+01
   2.3652942e+01
   2.2974143e+01
   1.7157438e+01
   3.2402932e+01
   1.3997392e+01
   3.1722942e+01
   1.3023884e+01
   1.6758434e+01
   9.0673915e+01
   8.1206643e+01
   6.6216085e+01
   7.1458376e+01
   6.4422763e+01
   6.9473825e+01
   5.8620682e+01
   6.2648581e+01
   6.0088116e+01
   6.6013188e+01
   5.3678507e+01
   6.3614400e+01
   5.7739977e+01
   6.3106684e+01
   5.2849591e+01
   6.4158720e+01
   4.2167909e+01
   5.5044732e+01
   4.8344190e+01
   5.5351796e+01
   4.2645316e+01
   4.3610288e+01
   5.7988683e+01
   5.1871559e+01
   3.8918596e+01
   4.2509127e+01
   5.1058238e+01
   4.6964524e+01
   4.5080107e+01
   4.3915742e+01
   3.8514516e+01
   3.8634998e+01
   3.0765544e+01
   3.3555530e+01
   3.1848897e+01
   2.5880555e+01
   3.6672234e+01
   5.1974158e+01
   3.2416323e+01
   2.9332650e+01
   3.2315045e+01
   3.0440234e+01
   1.9109672e+01
   3.2721831e+01
   2.1845063e+01
   2.4502769e+01
   1.5399954e+01
   1.3042517e+01
   2.1267593e+01
   1.2436262e+01
   1.1575803e+01
   1.1507677e+01
   2.3235649e+01
   7.3239407e+00
   1.0683184e+01
   7.0666494e+01
   7.6889685e+01
   6.7103358e+01
   5.7480395e+01
   6.6597791e+01
   6.4673176e+01
   6.7973229e+01
   7.3639897e+01
   6.5528749e+01
   5.1255598e+01
   6.5566808e+01
   6.1606584e+01
   5.6962303e+01
   6.2570533e+01
   5.1816467e+01
   4.0167256e+01
   4.9670013e+01
   4.6947164e+01
   6.2279351e+01
   4.1043859e+01
   5.0786624e+01
   4.5814698e+01
   4.2922332e+01
   3.6204161e+01
   3.8256761e+01
   4.3655729e+01
   3.7736190e+01
   3.0454717e+01
   3.0332997e+01
   3.2094760e+01
   3.5119539e+01
   3.6942566e+01
   4.1186030e+01
   2.7788351e+01
   2.1229214e+01
   3.7515855e+01
   2.9355839e+01
   3.6478192e+01
   1.5601523e+01
   3.2889675e+01
   1.6750791e+01
   1.9546799e+01
   2.1529312e+01
   1.9104301e+01
   2.0690942e+01
   2.0525980e+01
   9.5690856e+00
   4.0029373e+00
   1.2750716e+01
   3.9108515e+02
   1.1606636e+01
   4.8491199e+01
   3.2025735e+01
   5.8957799e+01
   2.4546962e+01
   2.3608674e+01
   3.2395775e+01
   3.8004732e+01
   2.7959616e+01
   4.2129731e+00
   8.3860077e+00
