   1.3788298e+03
   1.4101334e+03
   1.6016460e+03
   1.4497619e+03
   1.4470508e+03
   1.4536267e+03
   1.5192951e+03
   1.4176919e+03
   1.5128117e+03
   1.4946545e+03
   1.5378943e+03
   1.6446564e+03
   1.6608145e+03
   1.6088650e+03
   1.5303618e+03
   1.4541461e+03
   1.4766427e+03
   1.4110703e+03
   1.3846989e+03
   1.5975222e+03
   1.4376936e+03
   1.6569120e+03
   1.4997379e+03
   1.5023264e+03
   1.3910468e+03
   1.6439902e+03
   1.3870023e+03
   1.4817241e+03
   1.4419109e+03
   1.5062911e+03
   1.3901438e+03
   1.4967321e+03
   1.5308787e+03
   1.5402788e+03
   1.5193283e+03
   1.5133745e+03
   1.4390947e+03
   1.4539517e+03
   1.3847047e+03
   1.4905780e+03
   1.6161107e+03
   1.4916780e+03
   1.5373809e+03
   1.5223983e+03
   1.5355503e+03
   1.3948678e+03
   1.3956443e+03
   1.6133066e+03
   1.5200703e+03
   1.4913824e+03
   1.5594383e+03
   1.5584103e+03
   1.5563624e+03
   1.5404423e+03
   1.5436697e+03
   1.5214235e+03
   1.5431964e+03
   1.6044850e+03
   1.4927674e+03
   1.4622820e+03
   1.4115330e+03
   1.5142696e+03
   1.5082659e+03
   1.5119270e+03
   1.4665827e+03
   1.5712564e+03
   1.4811199e+03
   1.5715581e+03
   1.4941516e+03
   1.5407973e+03
   1.4618210e+03
   1.6543356e+03
   1.3717475e+03
   1.5983553e+03
   1.5723556e+03
   1.5072656e+03
   1.5542225e+03
   1.4229752e+03
   1.5203634e+03
   1.4850126e+03
   1.4655572e+03
   1.5643639e+03
   1.5076957e+03
   1.5379359e+03
   1.5345575e+03
   1.6209078e+03
   1.4855894e+03
   1.4789270e+03
   1.4620569e+03
   1.4293807e+03
   1.5752752e+03
   1.4749921e+03
   1.6377285e+03
   1.4674658e+03
   1.4622928e+03
   1.6015223e+03
   1.5533975e+03
   1.6908795e+03
   1.4837418e+03
   1.5039036e+03
   1.5249146e+03
   1.5073702e+03
   1.4863333e+03
   1.3729900e+03
   1.4366745e+03
   1.4535108e+03
   1.4967910e+03
   1.6174915e+03
   1.5803631e+03
   1.4822879e+03
   1.4306131e+03
   1.4792918e+03
   1.4504050e+03
   1.5390026e+03
   1.4096431e+03
   1.4231216e+03
   1.5922052e+03
   1.4048340e+03
   1.6456574e+03
   1.6082941e+03
   1.6221137e+03
   1.4508039e+03
   1.4377591e+03
   1.6313296e+03
   1.4264045e+03
   1.4770546e+03
   1.5143972e+03
   1.4168519e+03
   1.4908662e+03
   1.4742656e+03
   1.5841401e+03
   1.5659883e+03
   1.5940454e+03
   1.5492500e+03
   1.5685272e+03
   1.4551213e+03
   1.4543355e+03
   1.6023707e+03
   1.4919336e+03
   1.5997256e+03
   1.5576555e+03
   1.4348014e+03
   1.5364061e+03
   1.4406213e+03
   1.4003719e+03
   1.4155001e+03
   1.4228487e+03
   1.4886954e+03
   1.4931437e+03
   1.3986562e+03
   1.6289058e+03
   1.4891254e+03
   1.5559951e+03
   1.4677378e+03
   1.4207006e+03
   1.5561531e+03
   1.4651170e+03
   1.5157967e+03
   1.3782831e+03
   1.6096777e+03
   1.5075371e+03
   1.5708895e+03
   1.4907480e+03
   1.4333782e+03
   1.4724891e+03
   1.4688014e+03
   1.5473767e+03
   1.3996083e+03
   1.4746341e+03
   1.5392084e+03
   1.4623065e+03
   1.4944826e+03
   1.4623611e+03
   1.5598000e+03
   1.5889912e+03
   1.5271709e+03
   1.3999486e+03
   1.5026451e+03
   1.3974244e+03
   1.5997458e+03
   1.4544495e+03
   1.5788060e+03
   1.5355396e+03
   1.4954890e+03
   1.5901012e+03
   1.4753695e+03
   1.4370893e+03
   1.5535414e+03
   1.5224899e+03
   1.5649079e+03
   1.5200571e+03
   1.5769427e+03
   1.4554177e+03
   1.5365055e+03
   1.4394883e+03
   1.4648325e+03
   1.4244146e+03
   1.5215061e+03
   1.6706181e+03
   1.4418904e+03
   1.4922481e+03
   1.4015412e+03
   1.5491030e+03
   1.5294351e+03
   1.6664804e+03
   1.4663821e+03
   1.5565943e+03
   1.4295549e+03
   1.5291803e+03
   1.5925356e+03
   1.4543828e+03
   1.5279841e+03
   1.4787376e+03
   1.4855197e+03
   1.3838993e+03
   1.4903197e+03
   1.4144228e+03
   1.4225068e+03
   1.5222950e+03
   1.5436767e+03
