   1.9987673e-02
   1.9166778e-01
   7.9297843e-01
   4.7860728e-01
   3.3351661e-01
   2.7905040e-01
   7.0398404e-01
   1.3347326e-01
   5.3853530e-01
   4.8827280e-01
   4.9033202e-01
   8.5266790e-01
   9.2969708e-01
   8.5486835e-01
   5.2169087e-01
   1.9974760e-01
   3.2588030e-01
   2.5847130e-02
   6.2447201e-03
   8.8432139e-01
   2.7856986e-01
   1.0158594e+00
   3.8116765e-01
   5.5384855e-01
   1.4830345e-02
   8.8212152e-01
   6.2869379e-02
   4.6986375e-01
   3.6051940e-01
   5.7057781e-01
   3.5777643e-01
   3.8850738e-01
   5.6953831e-01
   6.4122742e-01
   6.6672491e-01
   4.9524624e-01
   1.8247021e-01
   2.1469217e-01
   4.9725930e-02
   4.4389044e-01
   7.9381922e-01
   5.1822064e-01
   5.6190518e-01
   7.0479860e-01
   5.7145617e-01
   6.5913836e-02
   2.8286405e-01
   8.4209811e-01
   7.3730551e-01
   4.1284390e-01
   6.2429544e-01
   6.7963313e-01
   7.6140491e-01
   6.0802684e-01
   5.4850431e-01
   7.0999379e-01
   6.3223150e-01
   9.9074804e-01
   4.2793234e-01
   3.9755294e-01
   1.4568834e-01
   7.1152686e-01
   4.0831440e-01
   5.0842507e-01
   2.6964436e-01
   6.0940358e-01
   4.1559865e-01
   6.8002902e-01
   4.4798343e-01
   7.3964930e-01
   3.5835806e-01
   8.3427714e-01
   5.7300540e-02
   7.1984874e-01
   7.1567469e-01
   5.2909801e-01
   6.4736159e-01
   2.0445686e-01
   4.6618045e-01
   4.2435897e-01
   4.4077870e-01
   6.8942428e-01
   4.7949187e-01
   7.6378601e-01
   5.6939870e-01
   8.3257475e-01
   3.7684564e-01
   5.5161398e-01
   3.5586910e-01
   2.2085159e-01
   7.0633197e-01
   3.5214305e-01
   9.0099609e-01
   3.4572391e-01
   4.9706383e-01
   9.4221949e-01
   5.4729903e-01
   1.1381118e+00
   5.1514558e-01
   5.0834883e-01
   4.5073324e-01
   5.1031296e-01
   5.8842906e-01
   7.4260665e-02
   2.0700685e-01
   4.2936847e-01
   3.4872763e-01
   8.7502133e-01
   7.6620791e-01
   3.2618415e-01
   2.4595192e-01
   4.9516450e-01
   3.3440444e-01
   7.5726669e-01
   2.3956754e-01
   2.7729536e-01
   7.4751173e-01
   8.8511954e-02
   9.5466238e-01
   7.8897639e-01
   9.0563234e-01
   3.5783249e-01
   2.6136838e-01
   8.2470347e-01
   2.8799384e-01
   4.3931795e-01
   7.0065486e-01
   2.4594966e-01
   5.6025807e-01
   3.1728857e-01
   8.7224978e-01
   7.4286898e-01
   8.8694934e-01
   6.0491410e-01
   6.9929009e-01
   3.0362402e-01
   3.1640046e-01
   8.2073466e-01
   5.5324023e-01
   7.5179024e-01
   6.8293943e-01
   2.3965325e-01
   5.8537597e-01
   3.1858978e-01
   9.7032905e-02
   8.2615342e-02
   1.2579293e-01
   3.5433759e-01
   5.1374123e-01
   1.8902641e-01
   8.6317178e-01
   4.0183073e-01
   6.2018548e-01
   4.9322166e-01
   2.2931739e-01
   5.7347345e-01
   4.4646615e-01
   5.7843736e-01
   6.0196722e-02
   9.3420052e-01
   5.8562041e-01
   6.0393656e-01
   3.9218823e-01
   1.9700273e-01
   5.5105810e-01
   3.8665485e-01
   6.0660492e-01
  -4.1081461e-03
   4.1381985e-01
   5.8276966e-01
   3.2848018e-01
   6.5055408e-01
   2.4568222e-01
   6.2550250e-01
   8.1407021e-01
   5.4989294e-01
   8.8125415e-02
   5.4292359e-01
   1.2460178e-01
   7.4405329e-01
   2.9570621e-01
   6.8517394e-01
   7.4293392e-01
   5.3026807e-01
   9.2266131e-01
   4.4677332e-01
   2.5760408e-01
   7.6330274e-01
   5.3393424e-01
   6.8214166e-01
   6.4227061e-01
   6.7803122e-01
   1.8680189e-01
   6.3026129e-01
   3.5145780e-01
   4.3664858e-01
   3.4913890e-01
   4.3801284e-01
   1.1528960e+00
   4.0083242e-01
   3.9961752e-01
   1.3345117e-01
   6.5287193e-01
   4.6590418e-01
   1.0767431e+00
   3.4897825e-01
   6.1017256e-01
   2.9199621e-01
   6.6225018e-01
   7.7923048e-01
   3.7850228e-01
   5.2356406e-01
   3.2108664e-01
   3.5121199e-01
   2.0103314e-01
   4.3467975e-01
   2.0537930e-01
   3.1338335e-01
   4.8277818e-01
   7.1250587e-01
