4
5
4
29
2
3
19
4
12
3
17
10
18
17
10
1
1
2
35
12
10
5
11
15
1
17
15
17
27
18
6
10
1
8
6
9
25
9
22
3
16
4
10
7
14
8
14
1
9
19
26
10
9
9
5
23
4
6
26
5
6
20
7
8
11
32
23
20
49
16
1
10
28
18
4
21
12
4
23
44
1
2
2
33
13
8
10
9
8
18
20
2
9
28
20
16
5
16
52
1
22
7
4
8
14
6
3
44
1
40
14
9
26
9
31
31
4
14
2
10
2
16
11
4
8
18
9
20
38
21
2
26
10
11
15
27
22
28
14
21
17
34
15
3
49
18
4
8
15
12
2
8
32
8
4
17
10
8
1
31
2
6
3
6
3
6
15
22
8
3
11
12
3
11
12
8
5
3
23
57
14
8
7
9
3
15
37
21
4
21
17
18
36
43
21
26
4
9
4
16
30
11
8
79
4
26
11
13
31
10
6
35
11
1
12
37
1
6
11
3
7
26
6
21
24
6
20
2
6
12
7
18
17
7
7
17
22
8
9
20
5
3
5
14
22
38
3
8
14
4
28
21
21
13
15
8
13
3
4
13
5
3
13
35
37
6
3
6
7
9
15
2
20
15
2
16
20
14
38
6
3
4
6
45
13
13
2
11
24
1
4
12
1
11
13
22
7
9
2
22
29
18
44
38
9
1
28
12
20
23
12
