9
28
22
38
1
10
5
19
27
7
18
39
2
42
14
38
21
11
5
8
18
10
7
39
20
6
7
10
23
13
2
9
3
2
18
2
8
11
21
3
33
5
22
33
36
7
4
11
15
8
1
21
2
15
36
3
26
17
34
39
62
20
41
14
1
23
6
14
2
25
14
5
20
14
16
5
18
19
12
24
5
6
23
14
15
8
15
47
28
46
26
39
3
52
5
15
14
7
23
3
16
11
3
2
2
10
13
24
1
59
23
3
5
1
11
8
32
30
34
7
36
3
5
2
14
15
6
29
22
20
29
9
23
9
17
7
17
5
1
7
14
1
13
13
2
10
11
15
6
13
2
6
43
9
15
5
1
10
23
10
15
6
14
10
6
5
2
4
9
4
13
12
12
14
49
11
14
5
3
6
14
7
4
17
9
6
25
16
23
8
34
3
26
19
9
25
16
5
12
13
47
17
11
23
14
23
2
30
2
27
9
8
27
11
17
2
12
38
9
3
18
20
5
3
17
8
8
15
8
14
10
8
21
8
15
1
1
24
2
5
13
13
2
27
39
37
7
11
42
34
13
15
16
3
