11
9
37
7
4
11
19
16
46
10
18
15
25
5
3
7
9
15
14
6
5
14
15
19
20
5
11
7
3
8
4
12
3
3
50
13
14
5
12
10
3
5
2
21
13
18
30
2
33
31
17
16
23
2
25
7
32
19
18
6
1
11
3
5
31
5
18
7
2
21
4
21
4
3
8
21
6
15
3
10
60
15
14
33
9
18
13
18
16
5
1
5
1
21
3
8
16
4
6
26
11
13
25
2
12
27
2
1
14
9
2
8
19
31
23
29
11
27
5
6
2
3
2
26
1
17
31
8
10
15
40
13
11
15
15
11
15
31
7
17
4
2
13
7
14
11
24
50
2
8
38
2
3
9
6
21
37
5
13
29
15
7
17
2
5
20
16
6
33
22
11
11
8
3
11
4
3
14
26
10
1
17
14
3
9
16
26
25
14
23
1
2
15
9
18
11
20
6
10
3
10
4
28
5
3
4
23
65
18
26
1
24
11
19
25
3
1
2
26
3
26
9
2
7
15
15
10
8
19
6
5
41
13
17
5
13
30
9
14
65
25
7
17
4
6
8
11
44
3
15
4
1
23
11
8
49
16
7
6
28
34
4
10
12
17
21
3
36
9
6
17
7
40
2
15
45
17
15
13
2
28
13
8
12
13
9
14
35
10
29
14
3
2
2
5
7
25
33
44
