   3.4624846e+01
   5.5563105e+01
   3.0967603e+01
   5.5806262e+01
   9.0583152e+01
   2.1973074e+01
   6.2002014e+01
   7.2136994e+00
   6.5355127e+01
   3.9696876e+01
   1.4536519e+01
   8.4357953e+01
   7.4759096e+01
   5.9275100e+01
   1.2033665e+01
   1.1945583e+01
   5.4348331e+01
   2.4084496e+01
   4.4004091e+01
   3.3662843e+01
   4.3987894e+01
   9.2059110e+01
   4.0957218e+01
   9.4912722e+01
   1.5888687e+01
   5.9585832e+01
   3.6398106e+01
   6.6885012e+01
   4.0187608e+01
   5.0614649e+01
   4.1756959e+01
   2.6980403e+01
   5.1373122e+01
   4.2856350e+01
   4.1118591e+01
   4.5281295e+01
   4.1909211e+01
   2.7956757e+01
   8.4633741e+00
   7.5148908e+01
   4.4967144e+01
   7.2682524e+01
   4.3771269e+01
   4.2996229e+01
   3.2179728e+01
   5.5102140e+01
   5.1507227e+01
   4.7724818e+01
   8.0986105e+01
   8.2327689e+01
   6.0492259e+01
   6.0089584e+01
   5.0869197e+01
   3.1244115e+01
   6.2738242e+01
   6.6341135e+01
   2.4232336e+01
   6.7876638e+01
   4.9879832e+01
   3.8153153e+01
   1.2995562e+01
   3.6346385e+01
   4.2838579e+01
   7.9354747e+01
   3.6674615e+01
   3.9598398e+01
   6.3696468e+01
   2.0715053e+01
   5.3062025e+01
   4.9128115e+01
   3.6794142e+01
   3.1904226e+01
   8.1413820e+01
   4.3448886e+01
   8.2405985e+01
   2.6620440e+01
   2.5840361e+01
   3.7472206e+01
   5.1534498e+01
   6.5422999e+01
   4.0083933e+01
   6.3788761e+01
   5.0739905e+01
   4.4048124e+01
   1.8570364e+01
   4.2660197e+01
   6.1691604e+01
   5.4905542e+01
   2.7961365e+01
   4.7896949e+01
   4.7652982e+01
   3.0020880e+01
   4.8272322e+01
   7.2457232e+01
   3.9647773e+01
   3.7574802e+01
   5.9343333e+01
   5.8296017e+01
   3.3178400e+01
   5.9997298e+01
   2.4853791e+01
   6.4485529e+01
   1.8124959e+01
   2.9571983e+01
   5.5167385e+01
   8.9727014e+01
   6.5079508e+01
   2.2230925e+01
   6.1322510e+01
   5.0797694e+01
   2.7550377e+01
   6.0079060e+01
   3.4843161e+01
   6.8731579e+01
   5.1045186e+00
   6.9008232e+01
   8.5517007e+01
   5.4536419e+01
   5.0589522e+01
   5.3355003e+01
   3.6107338e+01
   1.7923310e+01
   3.4027072e+01
   6.5524899e+01
   3.3239287e+01
   4.1519730e+01
   8.3153783e+01
   2.4933638e+01
   3.4001306e+01
   3.6364144e+01
   4.1533610e+01
   6.8076411e+01
   6.9209368e+01
   2.6293184e+01
   4.6230233e+01
   5.0724606e+01
   6.6138505e+01
   4.9294305e+01
   5.4807901e+01
   3.1256950e+01
   2.9552464e+01
   2.8620028e+01
   1.5302086e+01
   3.0556568e+01
   6.3510281e+01
   1.5822249e+01
   4.7708944e+01
   6.1773790e+01
   4.6265312e+01
   6.5361078e+01
   8.1437376e+01
   4.3394348e+01
   3.1290284e+01
   2.6790540e+01
   5.3274106e+01
   8.2721008e+00
   8.1610631e+01
   5.6910195e+01
   5.1070129e+01
   7.3289656e+01
   1.8190292e+01
   6.3036500e+01
   2.6156369e+01
   4.2395401e+01
   2.5672374e+01
   4.9940839e+01
   6.6534753e+01
   4.2166623e+01
   5.0000830e+01
   2.6985042e+01
   2.8384511e+01
   6.8485799e+01
   5.2478534e+01
   5.3337428e+01
   5.1107571e+01
   6.9341818e+01
   5.8811372e+01
   4.5901713e+01
   6.4111212e+01
   5.2941258e+01
   3.2928387e+01
   7.4584246e+01
   1.1066562e+01
   1.5220761e+00
   4.8457896e+01
   5.3266112e+01
   5.2387942e+01
   7.5718297e+01
   2.4617316e+01
   5.2539542e+01
   8.2920153e+01
   3.2896603e+01
   7.2133002e+01
   4.4047881e+01
   7.9361448e+01
   3.4400035e+01
   6.3952101e+01
   2.3233708e+01
   3.1221668e+01
   2.9896369e+01
   6.8116677e+00
   1.0023557e+02
   5.3190556e+01
   2.0535717e+01
   4.8881395e+01
   4.6043157e+01
   1.4207607e+01
   4.4281215e+01
   3.5391730e+01
   6.0718225e+01
   2.3636060e+01
   7.0473626e+01
   4.4720209e+01
   2.9905720e+01
   3.5177220e+01
   4.4573847e+01
   5.9420935e+01
   5.8777386e+01
