   3.3540780e+01
   5.2859128e+01
   2.0833836e+01
   5.8818604e+01
   9.5612004e+01
   1.4225453e+01
   5.8040103e+01
   1.4471577e+00
   6.7651660e+01
   3.8168933e+01
   6.4057690e+00
   8.8707751e+01
   7.2328070e+01
   5.9216417e+01
   9.2730763e+00
   7.1258814e+00
   5.7497835e+01
   2.3279534e+01
   4.4280944e+01
   2.9238130e+01
   3.9034031e+01
   9.5980025e+01
   4.2493131e+01
   9.6021010e+01
   1.3394271e+01
   6.4867063e+01
   3.7753169e+01
   7.0511201e+01
   3.9528748e+01
   5.2823868e+01
   3.5048801e+01
   2.7918127e+01
   4.6345253e+01
   4.4238343e+01
   3.3288317e+01
   4.5684906e+01
   4.2082788e+01
   2.5209040e+01
   8.9008966e+00
   7.7149330e+01
   3.6939038e+01
   7.4743479e+01
   4.1330582e+01
   4.5264452e+01
   2.8128484e+01
   5.8364794e+01
   4.4092615e+01
   3.9377783e+01
   8.4364859e+01
   7.9946936e+01
   6.1115772e+01
   6.3077073e+01
   4.7046712e+01
   3.5699851e+01
   5.5220503e+01
   6.7837932e+01
   1.9936687e+01
   6.2339206e+01
   5.3300201e+01
   3.0270662e+01
   1.0873308e+01
   2.9400583e+01
   4.2774383e+01
   8.5097350e+01
   3.3795696e+01
   3.9566363e+01
   6.6687559e+01
   2.1786749e+01
   4.4977105e+01
   5.2092589e+01
   3.8649884e+01
   2.2883263e+01
   7.8809497e+01
   3.5602308e+01
   8.1121141e+01
   2.3126549e+01
   2.7132666e+01
   4.1544978e+01
   4.2447322e+01
   6.5736354e+01
   4.0824571e+01
   6.6011660e+01
   5.3838031e+01
   3.9422967e+01
   1.4986046e+01
   4.0155308e+01
   6.8530210e+01
   6.2127444e+01
   3.5847778e+01
   4.3118541e+01
   5.0179386e+01
   2.4281337e+01
   4.3268282e+01
   7.9187752e+01
   3.7904136e+01
   3.7255348e+01
   5.3892651e+01
   6.6333327e+01
   3.1969423e+01
   6.3073740e+01
   2.1299313e+01
   6.7244179e+01
   2.1396919e+01
   2.6976464e+01
   5.3910521e+01
   9.0871957e+01
   6.5853913e+01
   2.5631451e+01
   6.3447107e+01
   5.6088977e+01
   2.0578066e+01
   6.9459597e+01
   3.5288124e+01
   7.7148925e+01
   2.6849970e+00
   6.4850659e+01
   9.0352051e+01
   5.2856830e+01
   5.4968110e+01
   5.3128637e+01
   3.6057661e+01
   1.3001568e+01
   2.5890100e+01
   6.6964501e+01
   1.8964156e+01
   4.5099990e+01
   8.0699170e+01
   2.4156887e+01
   3.4372557e+01
   3.3825115e+01
   4.4910574e+01
   6.8176210e+01
   7.0742168e+01
   3.0711535e+01
   4.7252050e+01
   5.0318961e+01
   6.8247133e+01
   5.3872858e+01
   6.5139245e+01
   3.1990459e+01
   2.0444234e+01
   2.4954926e+01
   1.7535150e+01
   2.7932184e+01
   6.2821575e+01
   1.5571003e+01
   5.0866356e+01
   6.5955624e+01
   4.6714313e+01
   6.7265270e+01
   8.4442879e+01
   3.8060944e+01
   2.7021239e+01
   1.9785828e+01
   4.9380460e+01
   3.7921925e+00
   8.5893481e+01
   5.7675053e+01
   4.8220041e+01
   7.3342343e+01
   1.1700509e+01
   6.4824722e+01
   2.9206328e+01
   4.6640170e+01
   1.8875610e+01
   4.9879879e+01
   6.1823981e+01
   4.9217517e+01
   4.9782152e+01
   2.7865601e+01
   2.9070928e+01
   6.9728845e+01
   4.8792316e+01
   5.3687321e+01
   5.4805305e+01
   6.9647771e+01
   6.4171010e+01
   4.8171850e+01
   6.1047304e+01
   6.1607242e+01
   2.8032506e+01
   7.6519508e+01
   6.5657479e+00
  -3.8129180e+00
   4.4809260e+01
   5.5941177e+01
   4.7452981e+01
   7.3592912e+01
   1.7591492e+01
   4.7826635e+01
   8.5974307e+01
   2.7746376e+01
   7.3898415e+01
   4.3492707e+01
   7.8549491e+01
   2.1397603e+01
   6.3530162e+01
   2.2752154e+01
   3.2268501e+01
   2.4302334e+01
   1.3293848e+00
   1.0053460e+02
   5.0070385e+01
   1.6679913e+01
   4.6040585e+01
   4.3547584e+01
   9.9608080e+00
   4.2386647e+01
   3.3328511e+01
   5.4919989e+01
   2.1076946e+01
   7.4098109e+01
   5.0204584e+01
   2.9337912e+01
   2.9278678e+01
   3.5723319e+01
   6.0755997e+01
   5.8692622e+01
