17
9
18
3
7
7
10
21
10
24
2
19
30
36
4
44
39
6
17
6
22
16
4
24
5
21
5
17
30
5
14
10
20
18
2
2
3
16
40
27
8
42
21
41
14
3
18
12
2
40
4
35
14
48
3
36
4
42
7
11
12
5
58
16
56
10
27
38
6
13
18
14
29
34
5
2
21
28
13
22
15
1
2
22
3
5
20
12
22
18
36
23
44
10
35
1
4
14
13
15
1
3
1
32
29
26
19
20
49
42
18
20
16
6
26
42
1
54
13
2
14
56
9
25
5
25
34
5
22
23
12
31
6
13
9
8
22
38
4
10
35
10
11
10
16
50
24
10
41
24
6
20
16
4
9
4
8
11
20
23
28
2
11
4
38
2
20
15
18
12
12
29
11
17
12
17
23
39
1
20
23
31
15
8
11
3
20
4
9
29
4
6
17
2
21
2
20
39
9
5
17
35
17
3
40
5
37
4
1
6
11
16
9
2
12
2
43
16
46
16
26
28
43
43
34
31
19
5
28
21
4
35
4
36
13
13
46
14
20
6
18
16
12
1
11
1
13
5
47
17
26
5
23
4
19
8
28
8
4
22
7
27
18
38
6
6
21
18
5
5
8
1
35
12
16
24
2
11
25
17
26
10
17
36
14
26
11
21
6
24
39
11
31
40
1
8
23
3
6
11
9
3
7
4
1
16
