4
7
2
17
15
54
3
25
6
38
6
29
37
13
24
40
3
18
2
26
22
29
22
3
14
34
17
49
9
81
12
5
12
5
12
8
20
12
6
8
17
31
11
6
23
20
16
21
28
16
12
53
11
22
32
24
20
9
62
11
24
34
43
31
13
3
49
14
5
2
6
22
1
8
3
33
15
25
16
31
9
37
22
6
5
32
25
31
5
11
14
11
9
23
28
6
10
39
9
7
41
28
20
17
8
26
34
33
22
60
42
3
4
53
35
1
27
37
30
16
25
12
2
5
22
12
29
38
11
45
22
6
10
8
6
14
41
5
24
14
21
11
12
25
23
32
41
25
11
14
12
30
4
25
10
27
34
1
44
1
10
13
28
12
5
18
8
9
3
37
22
18
13
3
26
25
4
22
25
26
8
4
36
51
2
36
19
28
23
30
22
25
40
39
16
41
4
19
6
45
24
4
37
47
5
13
21
29
2
7
5
15
25
33
47
3
11
30
4
4
8
11
6
43
43
55
24
5
9
4
23
2
35
18
40
24
31
11
9
10
6
17
8
16
8
25
21
43
11
36
13
3
23
16
5
17
10
44
39
22
2
6
19
25
27
7
28
7
17
31
1
21
43
22
1
15
1
14
