22
23
61
42
9
32
11
32
18
8
10
21
15
19
13
27
2
16
32
22
13
13
43
25
5
30
1
40
2
24
35
31
18
3
7
35
11
26
17
21
12
20
42
9
14
3
6
26
13
3
45
42
17
3
7
11
9
1
6
3
21
29
20
43
24
23
14
27
24
34
8
21
39
23
26
29
14
10
19
15
33
17
2
26
9
27
38
12
25
21
10
15
7
42
15
29
21
14
31
31
23
6
13
33
20
43
27
5
30
4
1
5
3
13
15
5
2
4
45
28
19
40
1
11
34
27
9
28
25
78
13
21
26
6
5
11
5
15
11
9
13
4
4
23
9
72
35
31
20
14
2
10
28
16
15
14
7
6
32
36
14
16
1
37
30
13
10
12
51
17
5
9
12
21
13
22
7
9
12
19
25
26
10
14
19
30
39
11
15
13
18
10
34
14
11
18
44
6
5
2
74
35
13
24
5
5
9
17
25
36
16
31
8
22
2
20
2
40
7
3
8
6
30
6
33
13
21
20
32
12
33
29
2
5
2
28
25
13
16
42
25
16
5
1
7
29
5
3
48
44
2
4
9
14
33
7
2
23
12
6
26
