10
15
14
16
12
16
37
8
9
35
6
2
7
12
12
31
5
10
8
18
28
10
12
7
19
44
1
29
19
7
13
29
9
17
3
24
18
3
4
8
36
6
19
37
21
2
27
13
28
21
48
20
29
16
15
11
39
16
48
18
4
9
2
11
2
43
49
4
10
32
16
24
47
29
34
6
22
26
35
49
8
37
9
4
2
29
2
16
13
13
3
17
7
8
14
17
3
8
5
20
9
9
22
10
10
49
7
22
24
16
35
11
33
13
24
9
34
8
28
15
22
12
9
15
19
3
1
31
21
3
8
15
32
5
19
6
28
8
7
8
2
39
20
2
3
39
29
35
10
29
29
15
35
23
2
6
5
13
13
20
27
66
6
21
7
39
30
13
12
30
13
7
45
5
23
41
15
15
25
7
27
8
31
32
15
16
2
27
25
46
34
18
39
17
41
17
19
6
13
28
22
14
71
12
32
15
18
21
26
5
38
45
20
33
26
29
30
10
26
22
8
19
20
1
17
29
25
13
16
13
12
9
32
56
29
9
2
33
9
22
33
22
53
41
11
11
3
11
6
12
6
26
6
39
10
11
61
23
27
25
21
18
15
44
9
13
5
10
12
13
27
18
21
2
21
16
22
10
23
8
30
