15
1
22
52
2
8
23
72
34
55
62
11
52
2
16
13
17
16
56
4
12
4
2
5
30
22
32
11
5
37
2
42
15
1
56
9
9
41
7
24
36
22
32
5
13
49
9
12
1
18
10
28
20
5
4
21
2
7
9
29
19
31
8
20
27
67
17
15
5
15
35
36
1
47
43
38
21
19
2
22
9
5
34
8
22
22
84
14
3
13
23
14
39
9
3
17
15
5
11
17
8
2
25
7
8
19
41
29
13
13
62
34
9
9
9
22
2
3
10
10
3
45
11
35
7
21
1
1
19
40
14
10
28
23
6
17
29
4
39
44
20
8
18
30
6
11
3
10
15
13
14
40
24
20
6
11
11
20
14
12
16
8
12
4
15
23
30
14
8
4
51
5
21
11
11
26
12
60
35
8
11
42
8
2
51
23
7
20
41
21
11
7
4
3
4
5
19
14
17
26
14
3
8
10
1
29
12
18
2
4
28
27
24
16
31
15
5
14
48
45
20
28
3
14
20
3
11
2
17
12
16
9
12
44
7
22
10
14
11
20
15
9
7
3
36
4
17
