18
4
13
1
21
6
6
4
11
20
32
17
20
11
20
23
31
6
28
43
28
10
1
21
9
12
9
8
22
26
16
24
43
25
25
13
2
2
15
10
8
10
21
24
2
5
13
1
5
11
11
7
51
54
8
12
2
3
13
10
6
26
39
44
16
14
20
12
12
4
3
3
5
3
10
13
39
81
17
46
6
7
36
5
5
20
15
18
21
54
1
35
30
16
34
18
6
38
2
55
7
2
2
12
28
26
2
4
5
5
12
11
34
5
88
1
9
13
21
13
15
23
23
34
5
43
10
15
19
9
5
74
36
11
18
43
15
10
21
1
10
13
7
31
16
5
26
23
5
2
49
27
11
3
6
10
36
2
17
20
9
19
17
21
27
50
15
20
27
29
1
24
39
2
2
11
9
31
7
10
34
19
16
6
15
6
17
30
16
24
2
27
27
5
18
6
40
14
32
3
27
5
8
12
14
18
7
5
31
8
35
9
15
25
2
44
7
64
16
11
8
18
5
19
11
4
3
10
36
5
22
21
38
18
14
12
19
1
3
12
21
33
28
18
26
28
23
8
3
24
17
13
3
15
22
16
2
29
9
10
9
4
