   7.1682591e+01
   6.2893869e+01
   5.5511849e+01
   4.4047082e+01
   3.4999726e+01
   2.7408281e+01
   3.6260334e+01
   3.2389205e+01
   2.3543020e+01
   2.7358235e+01
   2.3367528e+01
   7.4506455e+01
   4.2972855e+01
   6.1893764e+01
   6.9783025e+01
   5.9834799e+01
   4.8249744e+01
   4.0655370e+01
   2.9281648e+01
   3.5817659e+01
   4.1833351e+01
   1.5729175e+01
   2.3013654e+01
   2.4178321e+01
   7.0650010e+01
   5.7818315e+01
   5.3636721e+01
   5.9037154e+01
   5.7528400e+01
   3.9527846e+01
   4.3282090e+01
   2.7369803e+01
   3.0398069e+01
   3.0103487e+01
   3.7134700e+01
   1.9822584e+01
   1.8424000e+01
   1.5423947e+01
   7.4438629e+01
   6.7942959e+01
   6.5600256e+01
   6.6121867e+01
   4.7858468e+01
   4.4582759e+01
   4.1896030e+01
   3.9702730e+01
   3.6592100e+01
   3.2540907e+01
   1.2490821e+01
   1.4436625e+01
   1.3173914e+01
   1.7959744e+01
   7.7691440e+01
   7.3840077e+01
   6.8199917e+01
   5.1866650e+01
   5.2022713e+01
   5.5016103e+01
   4.8851331e+01
   4.2507220e+01
   4.7159127e+01
   3.5695145e+01
   2.9732530e+01
   2.5778747e+01
   2.3054395e+01
   2.3485266e+01
   1.5287268e+01
   6.2824854e+01
   5.8058403e+01
   4.8310111e+01
   4.4360806e+01
   5.3942364e+01
   5.0706812e+01
   4.2721500e+01
   4.2278634e+01
   2.7452944e+01
   3.4916464e+01
   2.0929273e+01
   1.5370046e+01
   7.8922984e+01
   6.9285315e+01
   6.1631481e+01
   5.6285345e+01
   5.5995057e+01
   5.1552339e+01
   4.2024187e+01
   3.7198096e+01
   3.5950094e+01
   2.7952822e+01
   4.4937724e+01
   2.2411510e+01
   2.1425249e+01
   1.6826906e+01
   7.0103381e+01
   6.2497422e+01
   5.3405088e+01
   5.2493938e+01
   2.6177318e+01
   4.0576487e+01
   4.3539945e+01
   3.2203680e+01
   2.7631890e+01
   2.6849141e+01
   8.2405621e+00
   2.1140552e+01
   8.1311310e+01
   7.0150919e+01
   5.8774705e+01
   6.0940897e+01
   4.8195231e+01
   3.5181628e+01
   4.1386051e+01
   3.4118957e+01
   2.8375440e+01
   3.2751045e+01
   1.9382546e+01
   2.8877054e+01
   1.3219342e+01
   7.2903802e+01
   7.5342820e+01
   5.1393856e+01
   5.5429565e+01
   5.9408107e+01
   6.0042577e+01
   4.6041378e+01
   4.0739841e+01
   2.7498791e+01
   3.4822160e+01
   2.7380588e+01
   2.1955880e+01
   1.4070504e+01
   3.9524445e+01
   8.5313789e+01
   6.9210926e+01
   7.7185725e+01
   7.5887490e+01
   4.2186619e+01
   5.7965635e+01
   5.1716734e+01
   4.4328669e+01
   4.3351131e+01
   3.9986413e+01
   4.7428879e+01
   1.9048157e+01
   2.8617014e+01
   7.5101528e+01
   7.7855136e+01
   6.4674541e+01
   6.3492848e+01
   6.0012825e+01
   4.9283512e+01
   4.4534567e+01
   5.2684687e+01
   4.1785718e+01
   4.8366486e+01
   3.4011971e+01
   3.0607728e+01
   7.2102382e+01
   9.4114182e+01
   7.4156448e+01
   7.8591543e+01
   6.7573936e+01
   5.5807457e+01
   5.3046801e+01
   6.1004695e+01
   4.6231240e+01
   5.2033491e+01
   2.7185054e+01
   3.7964713e+01
   2.2984940e+01
   7.8779331e+01
   5.0290550e+01
   6.4041296e+01
   5.9963338e+01
   6.3155476e+01
   6.3781877e+01
   6.0924762e+01
   4.4548314e+01
   4.2924632e+01
   3.8495941e+01
   3.7497345e+01
   2.3392276e+01
   3.0309358e+01
   7.8851913e+01
   7.3514186e+01
   6.5382122e+01
   6.5812275e+01
   5.3369998e+01
   5.6960751e+01
   5.6058904e+01
   5.6576108e+01
   3.6714260e+01
   3.8921553e+01
   2.6274987e+01
   3.4268342e+01
   8.9475401e+01
   6.4018904e+01
   6.5676536e+01
   6.6068835e+01
   6.5969997e+01
   6.5106317e+01
   5.8400052e+01
   5.7673817e+01
   5.5427674e+01
   4.5856359e+01
   3.9075093e+01
   4.2434181e+01
   3.8348285e+01
   3.5410117e+01
   3.3323705e+01
   3.0667308e+01
