   3.2125563e+01
   5.3204423e+01
   7.6815845e+01
   5.6411886e+01
   7.2851759e+01
   3.6718754e+01
   6.9682881e+01
   2.7666310e+01
   5.3486892e+01
   3.5368767e+01
   5.1080616e+01
   7.7983311e+01
   7.6784766e+01
   7.0690395e+01
   3.5658428e+01
   6.5976957e+00
   3.5953369e+01
   1.0768528e+01
   3.4086336e+01
   5.5260752e+01
   3.5335654e+01
   8.2311295e+01
   2.8650728e+01
   8.3354014e+01
   3.1849315e+01
   4.4549813e+01
   4.0522811e+01
   6.0122930e+01
   5.4088936e+01
   4.4328728e+01
   7.7760152e+01
   1.8345716e+01
   6.4338028e+01
   4.3777968e+01
   7.0104585e+01
   5.8332705e+01
   4.7004907e+01
   5.7513956e+01
   8.6273704e+00
   8.1151314e+01
   6.0097226e+01
   8.1927974e+01
   6.1020470e+01
   3.9938951e+01
   4.8247961e+01
   5.4870840e+01
   6.8480920e+01
   6.3266357e+01
   7.8560539e+01
   9.3030945e+01
   5.7832678e+01
   6.1429516e+01
   6.2157132e+01
   1.4611062e+01
   7.0953899e+01
   5.7918591e+01
   4.5029331e+01
   6.5381585e+01
   4.3379719e+01
   4.7613003e+01
   9.0617579e+00
   4.9855829e+01
   3.5796480e+01
   6.5246262e+01
   3.9761079e+01
   3.6120064e+01
   3.7998147e+01
   7.8608823e+00
   6.2150474e+01
   3.6084641e+01
   4.5126817e+01
   1.9856227e+01
   5.6100034e+01
   6.7943761e+01
   7.9019492e+01
   8.9017872e+01
   2.4266313e+01
   6.5997248e+00
   4.7273431e+01
   6.3184211e+01
   6.4140665e+01
   3.6071739e+01
   5.6121129e+01
   5.7444858e+01
   2.8851049e+01
   6.0257518e+01
   5.0673152e+01
   4.9647103e+01
   3.6426837e+01
   5.1519146e+01
   5.5080123e+01
   4.8438770e+01
   5.7757233e+01
   6.6381705e+01
   7.1786969e+01
   4.4680467e+01
   8.2307316e+01
   3.6881260e+01
   2.6630063e+01
   5.1164312e+01
   2.9540239e+01
   5.9021092e+01
   2.8071552e+01
   3.7222239e+01
  -4.4361856e-01
   5.7498835e+01
   8.4052531e+01
   4.9350647e+01
   2.5588092e+01
   6.6470241e+01
   5.5042161e+01
   5.8616331e+01
   5.7956390e+01
   3.1850772e+01
   5.3356846e+01
   3.0335319e+01
   7.1937738e+01
   6.0443524e+01
   5.6464063e+01
   5.4688715e+01
   6.5797100e+01
   4.8228808e+01
   5.1169460e+01
   6.5689130e+01
   5.0198194e+01
   6.5071945e+01
   2.8749841e+01
   8.8679830e+01
   3.2892724e+01
   3.6454075e+01
   2.6299428e+01
   7.8095636e+01
   6.2593132e+01
   2.6845694e+01
   5.3129939e+01
   6.4387877e+01
   5.7371837e+01
   3.1860236e+01
   2.9788957e+01
   4.2872326e+01
   6.6293070e+01
   6.4483417e+01
   3.1192640e+01
   3.4756094e+01
   5.8191128e+01
   2.9744904e+01
   4.5288649e+01
   6.2476084e+01
   4.0288134e+01
   5.2299427e+01
   7.4979157e+01
   4.3820956e+01
   2.8787292e+01
   6.8736789e+01
   1.8020337e+01
   7.7206317e+01
   6.7233754e+01
   7.1131456e+01
   6.1129362e+01
   4.0451751e+01
   5.2840104e+01
   2.5043877e+01
   4.8174163e+01
   3.6717162e+01
   4.1526532e+01
   7.3653880e+01
   3.4497248e+01
   5.4668222e+01
   4.8359744e+01
   2.5442904e+01
   6.9784937e+01
   6.5483690e+01
   4.4237407e+01
   5.0507031e+01
   6.1626402e+01
   4.8186810e+01
   3.0591103e+01
   5.9028482e+01
   5.6130311e+01
   8.3844935e+01
   1.7593648e+01
   5.1963833e+01
   5.0240661e+01
   7.5884757e+01
   6.8390138e+01
   5.1356857e+01
   7.7105614e+01
   9.4974518e+01
   4.4418969e+01
   7.0989268e+01
   4.7162041e+01
   8.1400509e+01
   6.2090060e+01
   6.6147885e+01
   4.7169978e+01
   3.6299425e+01
   4.5220455e+01
   8.6235206e+01
   5.3365436e+01
   6.3786105e+01
   5.7136718e+01
   3.8026170e+01
   5.2825383e+01
   4.4554038e+01
   6.8974438e+01
   2.3531954e+01
   4.4355437e+01
   4.2385843e+01
   3.5320714e+01
   6.3757985e+01
   4.5672923e+01
   5.7264012e+01
