   3.0062271e-01
   5.1326916e-01
   6.7593791e-01
   2.5903307e-01
   1.0184771e+00
   4.4998999e-01
   3.1302547e-01
   1.1173945e+00
   8.8923957e-02
   4.0518310e-01
   8.2477296e-01
   6.9831216e-01
   4.6097474e-01
   7.9586795e-01
   3.1342552e-01
   4.8280126e-01
  -4.1984623e-02
   3.8777616e-01
   1.3660347e-01
   3.1579649e-01
   5.0409345e-01
   7.2028887e-01
   3.2572794e-01
   9.4684227e-01
   9.3066264e-01
   6.7386159e-01
   6.0763860e-01
   2.6627881e-01
   4.3424795e-01
   6.1108037e-01
   1.7830778e-01
   6.5563873e-01
   3.1222356e-01
   4.2789182e-01
   6.7109559e-01
  -9.4147107e-02
   8.8365181e-01
   5.2815213e-01
   5.1162111e-01
   6.5025218e-01
   3.7678978e-01
   6.5474825e-01
   5.2138980e-01
   5.0455570e-01
   2.8883644e-01
   9.2854527e-02
   1.1753860e-01
   5.2666809e-01
   6.1741001e-01
   5.1431133e-01
   5.8204098e-01
   2.2217281e-01
   7.6601666e-01
   7.1621086e-01
   1.0295110e+00
  -1.1446123e-01
   9.4708986e-01
   6.1237258e-01
   5.5497769e-01
   4.3194106e-01
   1.1073105e+00
  -3.3169187e-01
   3.9624844e-01
   2.0771914e-01
   6.9699819e-01
   1.7198642e-01
   3.5296969e-01
   2.8851823e-01
   1.3285707e-01
   8.3100808e-01
   4.9823663e-01
   7.0680695e-01
   6.7328576e-01
   4.1344594e-01
   6.9409207e-01
   3.8135403e-01
   9.0368056e-01
   3.3447734e-01
   9.8737003e-01
   3.4809705e-01
  -1.7911316e-02
   5.0182673e-01
  -1.5913989e-01
   6.0400148e-01
   1.9634139e-01
   1.0504223e+00
   2.3958673e-01
   2.3630341e-01
   1.4483080e-01
   2.7683773e-01
   5.1115536e-01
  -1.7962324e-01
   5.2107837e-01
   5.3162327e-01
   8.3349937e-01
  -1.2554130e-02
   2.6299378e-01
   3.4398062e-01
   4.8527627e-01
   3.1400183e-01
   8.8159325e-01
   5.7001092e-01
   6.9482621e-01
   5.1470929e-01
   3.3180257e-01
   5.7448422e-01
   1.4913041e-01
   5.7531642e-01
   6.6555774e-01
   2.7951093e-01
   4.6238308e-01
   6.7535048e-01
   1.9385228e-01
   3.9244596e-01
   8.9052237e-01
   5.8702062e-01
   1.0631740e+00
   4.1290803e-01
  -9.5926918e-02
   1.5667137e-01
   9.3491418e-01
   3.8430274e-01
   5.6526113e-01
   6.7565550e-01
   4.8252265e-01
   2.6754849e-01
   5.3186443e-01
   5.3899886e-01
   2.2555759e-01
   3.6143128e-01
   9.4109441e-01
  -6.7624199e-02
   1.0540460e+00
   7.0721051e-01
  -1.7032028e-01
   4.8027024e-01
  -1.1689649e-01
   6.3987195e-01
   7.6541618e-01
   7.4834407e-01
   6.2862237e-01
   6.6625193e-01
  -3.7991104e-02
   3.1799172e-01
   2.2008902e-01
   5.7490085e-01
   1.0902341e+00
   7.1886517e-01
   8.4362620e-01
   2.1135391e-02
   5.6085267e-01
   8.3769862e-01
   7.5245955e-01
   4.1445088e-01
   3.0425199e-01
   6.2037856e-01
   6.9247938e-01
   6.1498347e-01
   1.0389445e+00
   4.4323753e-01
   1.2042451e+00
   8.0720104e-01
   8.7665433e-01
   7.4670667e-01
   6.5634300e-01
   5.8798622e-01
   9.8732934e-01
   2.8274775e-01
   5.7565736e-01
   3.8075005e-01
   2.4821481e-01
   5.0044949e-01
   3.9900822e-01
   5.6272256e-01
   2.3966981e-01
   2.6337702e-01
   7.2630601e-01
   5.4509623e-01
   2.8469623e-01
   6.9173333e-01
   7.8753871e-01
   4.0300385e-01
   6.5206598e-01
   6.4994986e-01
   5.0475522e-02
   7.8157739e-01
   5.4751717e-01
   7.5845197e-01
   7.4587219e-01
   7.1724979e-01
   1.0454219e+00
   3.2741716e-01
   1.2730428e-01
   7.4043613e-01
   6.3898515e-01
   1.5932152e-01
   7.7227967e-01
   6.4103028e-01
   3.8689234e-01
   7.2086122e-01
   3.3544517e-01
   4.7993841e-01
   5.8550255e-01
   2.0968360e-01
   6.2862925e-01
   2.1185586e-01
   8.6567757e-01
   1.1797950e-01
   8.0580043e-02
   3.1542947e-01
   8.2540639e-01
   5.6777552e-01
   1.5906313e-01
   6.2387086e-01
   3.2771606e-01
   7.8323081e-02
   8.0695029e-01
   5.3352104e-01
   3.9533054e-01
   9.8516746e-02
   5.1012215e-01
   4.5996698e-01
   3.7714941e-01
   7.5363636e-01
   8.8128154e-01
   3.5316648e-01
   3.3054942e-01
   7.1767411e-01
   8.4709497e-01
   7.3672198e-01
   8.7581135e-01
   8.9141625e-01
   6.0428245e-01
   3.7523191e-01
   5.3820178e-01
   8.0336837e-01
   6.1571328e-02
   9.3879662e-01
   3.4020187e-01
  -3.8192500e-02
   8.3274033e-01
   8.2451067e-01
   4.9586866e-01
   2.9004570e-01
   1.5315774e-01
   1.7866336e-01
   2.6077275e-01
   8.2340109e-01
   2.1690814e-01
   3.1570570e-01
   5.8015480e-01
   4.2553298e-01
   8.7931284e-02
   8.1657058e-01
   2.3085670e-01
   4.2586184e-01
   9.2815965e-01
   2.8530902e-01
   1.7400698e-01
   6.5358971e-01
   7.5957203e-01
   5.4952945e-01
   7.7251009e-01
   6.0411986e-01
   3.3077933e-01
   3.9371326e-01
   3.0134024e-01
   4.6628576e-01
   2.2363964e-01
   5.6557955e-01
   7.5522416e-01
