18
11
1
29
5
54
11
2
17
45
30
1
3
11
57
4
11
1
4
21
9
20
6
27
24
5
23
7
15
38
12
7
18
15
13
4
14
19
23
18
9
26
37
26
17
7
10
27
18
12
6
39
5
9
19
16
4
4
13
11
37
49
7
7
16
35
5
9
12
5
26
19
42
9
1
16
23
15
17
10
65
23
3
14
10
7
13
33
10
5
34
19
8
5
25
14
26
15
9
12
22
8
33
9
3
17
26
4
29
49
4
20
34
17
7
29
4
3
11
7
20
11
20
8
27
37
32
13
28
11
2
16
27
11
7
1
31
17
35
12
18
6
6
12
2
14
9
17
29
4
39
28
2
3
11
2
22
3
7
6
22
17
6
1
12
20
28
2
40
26
2
8
33
12
15
14
19
10
2
11
40
2
44
50
15
8
13
19
14
1
13
5
30
4
22
8
23
13
34
20
19
25
34
4
10
12
18
14
2
25
19
5
24
8
31
20
20
10
35
4
17
2
3
81
6
4
11
25
22
24
12
10
12
39
5
20
22
23
5
21
1
34
31
19
14
8
6
6
34
14
3
19
32
8
32
26
4
23
14
16
15
4
17
24
25
30
3
5
6
28
11
17
5
8
22
34
6
7
14
16
36
3
23
35
31
41
18
