   3.6583876e+01
   3.6542352e+01
   8.4536294e+01
   5.0479871e+01
   1.1468181e+01
   1.9263640e+01
   6.5445374e+00
   2.1532168e+00
   7.6794707e-01
   3.7858827e+01
   2.8143421e+01
   1.5555133e+01
   5.9176827e+01
   2.1415031e+01
   4.5222859e+01
   5.4597381e+01
   7.1767555e+01
   2.3832659e+01
   1.2681274e+01
   3.6616513e+01
   2.1852880e+01
   6.3039568e+01
   4.8429806e+01
   3.0781825e+00
   1.4282635e+01
   7.1878325e+01
   3.5327606e+01
   3.6325784e+01
   4.8567370e+01
   2.4854656e+01
   4.3301122e+01
   2.8324002e+01
   1.1716878e+01
   4.6360641e+01
   2.1115264e+01
   7.6651983e+01
  -4.7737501e+00
   2.9624644e+01
   6.2093909e+01
   8.0634998e+01
   8.1413624e+01
   8.7373565e+01
   7.3939532e+01
   7.4438881e+01
   6.8902872e+01
   7.0626174e+01
   5.3143321e+01
   6.0417937e+01
   5.1961025e+01
   5.9753352e+01
   5.0862934e+01
   4.4070362e+01
   4.7487319e+01
   5.2616316e+01
   3.7615799e+01
   3.2398505e+01
   5.0183297e+01
   3.3721020e+01
   2.9335998e+01
   3.3455441e+01
   4.0111845e+01
   4.1955280e+01
   3.4044126e+01
   2.4511356e+01
   1.6808106e+01
   1.5959383e+01
   1.7590577e+01
   6.8875171e+00
   1.8882057e+01
   6.9508162e+00
   1.3458406e+01
   7.7708155e+00
   7.9682872e+01
   7.9963460e+01
   6.9943999e+01
   8.2595293e+01
   6.6550271e+01
   6.4727265e+01
   6.4168549e+01
   6.5387389e+01
   5.9505869e+01
   5.7715538e+01
   5.5587440e+01
   6.0618345e+01
   5.3448802e+01
   5.4247634e+01
   5.1814533e+01
   5.2926640e+01
   4.2568681e+01
   4.7498566e+01
   5.4524888e+01
   4.4687230e+01
   4.1065369e+01
   3.6066295e+01
   3.6814343e+01
   3.2414710e+01
   3.6756528e+01
   3.2648553e+01
   3.5940138e+01
   3.3512304e+01
   3.1637030e+01
   2.8270074e+01
   2.4667355e+01
   1.7712717e+01
   3.3101892e+01
   1.3935970e+01
   9.3284630e+00
   1.5975116e+01
   1.4871879e+01
   7.3791507e+00
   1.4953349e+01
   9.0857805e+01
   8.5515955e+01
   7.1861819e+01
   6.4920652e+01
   6.6654375e+01
   6.5535725e+01
   6.7605245e+01
   6.6812967e+01
   6.5536412e+01
   6.5950727e+01
   7.0709155e+01
   5.6670109e+01
   5.0389827e+01
   6.2453325e+01
   5.2478227e+01
   4.8150749e+01
   4.0113600e+01
   4.7346845e+01
   3.8559507e+01
   4.0187030e+01
   2.6582079e+01
   3.2658292e+01
   3.7348318e+01
   3.4433945e+01
   2.8213949e+01
   3.3561974e+01
   2.6059966e+01
   3.4313399e+01
   2.3110077e+01
   8.6641261e+00
   4.4859412e+00
   1.0778057e+01
   1.6272824e+01
   4.4945402e+00
   1.8010046e+01
   1.0453622e+02
   8.7319690e+01
   8.5252863e+01
   7.9508067e+01
   8.4649790e+01
   8.3667072e+01
   7.5165768e+01
   6.5724341e+01
   7.0614031e+01
   7.4420288e+01
   6.1271835e+01
   5.3128472e+01
   5.1895558e+01
   6.2188413e+01
   5.2813541e+01
   6.9557162e+01
   5.6611105e+01
   5.0255547e+01
   5.7438762e+01
   4.6144990e+01
   4.6736311e+01
   5.3022728e+01
   6.9060208e+01
   3.7628568e+01
   4.1854243e+01
   5.2407034e+01
   4.3414494e+01
   3.6697032e+01
   3.1974296e+01
   3.7990276e+01
   4.0269338e+01
   2.8170311e+01
   2.1815389e+01
   1.9167720e+01
   2.5573935e+01
   1.6019093e+01
   1.9429327e+01
   1.0190089e+02
   1.0395029e+02
   8.1396459e+01
   7.3780742e+01
   8.4678439e+01
   7.3373895e+01
   7.7532989e+01
   7.5359811e+01
   7.3220769e+01
   7.4834633e+01
   6.9862656e+01
   6.9742531e+01
   7.2317872e+01
   6.7987036e+01
   6.3166148e+01
   5.8580880e+01
   6.1257373e+01
   6.5933250e+01
   5.1811327e+01
   7.2092808e+01
   5.7800536e+01
   6.8937784e+01
   5.4533372e+01
   5.1273025e+01
   6.0013223e+01
   5.3177903e+01
   4.1909208e+01
   4.2978143e+01
   4.3053661e+01
   4.1503000e+01
   4.0770838e+01
   2.9336626e+01
   3.0391142e+01
   4.1256034e+01
   3.1270957e+01
   3.0037146e+01
   3.3685338e+01
   5.0875883e+01
   2.5373509e+01
   2.0465952e+01
  -6.6662081e+00
