   3.0438745e+01
   3.0323015e+01
   9.4423820e+01
   4.6916240e+01
   2.0742657e+01
   2.6528378e+01
   4.0313619e+00
  -7.5149830e-02
  -8.5516488e+00
   3.6590747e+01
   2.4075794e+01
   5.0820662e+00
   5.7576302e+01
   2.6235843e+01
   4.5513826e+01
   5.0252515e+01
   7.5650138e+01
   2.9034248e+01
   7.2699363e+00
   4.1187797e+01
   2.2725575e+01
   7.3436679e+01
   4.6924940e+01
   1.1000124e+01
   1.4072177e+01
   7.4313024e+01
   3.0814848e+01
   3.0674576e+01
   5.3190526e+01
   2.1735269e+01
   4.2118286e+01
   2.3125599e+01
   7.1606584e+00
   5.2132699e+01
   1.9791135e+01
   7.5207957e+01
  -2.2934667e+00
   3.3877849e+01
   6.1425553e+01
   9.3941786e+01
   8.6748365e+01
   9.2273193e+01
   7.0624515e+01
   7.3874523e+01
   6.8094868e+01
   6.9192942e+01
   5.2720670e+01
   6.2468027e+01
   5.0677640e+01
   5.8282256e+01
   5.3432443e+01
   4.2576040e+01
   4.8360718e+01
   4.8705832e+01
   3.4685582e+01
   2.6279435e+01
   5.3281336e+01
   2.9691230e+01
   3.6655130e+01
   3.6483316e+01
   3.1221876e+01
   4.0767090e+01
   4.0532268e+01
   1.6599865e+01
   1.5877985e+01
   5.7132273e+00
   6.1259158e+00
   1.3714190e+00
   1.2304025e+01
  -7.7284309e-01
   1.7886504e+01
  -3.2831774e+00
   9.1695027e+01
   8.4609583e+01
   6.7168631e+01
   8.5688162e+01
   5.3586243e+01
   5.6566572e+01
   6.8611377e+01
   6.3849341e+01
   6.1447891e+01
   5.7578129e+01
   5.0046236e+01
   5.4664883e+01
   4.5206191e+01
   5.0929577e+01
   5.1356915e+01
   5.6825981e+01
   3.2239478e+01
   3.8716659e+01
   4.1220499e+01
   3.9522833e+01
   4.4752612e+01
   2.4778815e+01
   2.5648356e+01
   3.2324838e+01
   2.4680345e+01
   2.3915723e+01
   3.1508101e+01
   2.9171529e+01
   3.1650449e+01
   2.9846995e+01
   2.7053066e+01
   1.5633304e+01
   3.5514443e+01
   1.3230184e+01
   8.1451077e+00
   1.5932398e+01
   1.1297468e+01
   4.3415545e+00
   4.7621053e+00
   9.6278651e+01
   8.4900080e+01
   6.7690105e+01
   6.4465737e+01
   6.3894048e+01
   5.5174440e+01
   6.1611486e+01
   6.5302674e+01
   6.0464664e+01
   6.2035817e+01
   7.5514887e+01
   5.4227022e+01
   5.1948806e+01
   5.0641577e+01
   4.9697586e+01
   4.5216022e+01
   4.6885747e+01
   5.1010576e+01
   3.0962030e+01
   4.0997822e+01
   1.9235388e+01
   2.3014525e+01
   3.1958470e+01
   3.2278865e+01
   1.7499795e+01
   3.0410321e+01
   2.1552639e+01
   3.3106704e+01
   1.6844721e+01
   3.1474734e+00
  -5.7350745e+00
  -1.5493688e+00
   1.1022485e+01
   4.3084144e+00
   7.8047720e+00
   1.1049163e+02
   8.9569746e+01
   7.6675080e+01
   8.2553783e+01
   8.3362994e+01
   8.3480210e+01
   7.1389938e+01
   6.3607683e+01
   6.3659386e+01
   7.8185211e+01
   6.3467277e+01
   5.0436616e+01
   5.0954307e+01
   6.1247965e+01
   4.6358101e+01
   5.9559402e+01
   5.2220618e+01
   4.6826659e+01
   5.5387795e+01
   4.1061970e+01
   4.4629561e+01
   4.7624059e+01
   6.2138133e+01
   4.0262550e+01
   3.7244467e+01
   4.7796682e+01
   4.0997943e+01
   2.6162481e+01
   1.5792517e+01
   2.9022767e+01
   4.2502700e+01
   1.9682854e+01
   1.9114230e+01
   3.6248305e+01
   1.4878680e+01
   7.6337762e+00
   8.0047093e+00
   1.0804355e+02
   1.0181005e+02
   7.6169881e+01
   7.6155125e+01
   8.0246054e+01
   7.7230584e+01
   6.9697953e+01
   6.7641570e+01
   7.1087363e+01
   7.1124332e+01
   5.4960416e+01
   6.0930958e+01
   6.1131829e+01
   6.3531496e+01
   5.7611518e+01
   4.5826515e+01
   5.2563551e+01
   7.2658067e+01
   4.5364948e+01
   6.0972159e+01
   4.8469064e+01
   5.6835476e+01
   4.8977021e+01
   5.4005846e+01
   5.3096294e+01
   4.8637937e+01
   3.8801032e+01
   4.0330735e+01
   3.4950346e+01
   4.4681101e+01
   3.3277775e+01
   2.7869285e+01
   2.7632228e+01
   2.4782776e+01
   2.1782120e+01
   3.0666031e+01
   2.6714602e+01
   4.2792315e+01
   3.4938034e+01
   2.7954682e+01
  -2.5494135e+00
