9
10
22
25
10
25
11
15
20
12
53
16
14
53
4
6
2
2
27
11
5
24
3
55
10
15
23
13
1
17
10
18
16
44
18
5
4
16
20
25
33
3
23
48
4
3
14
11
7
11
2
13
36
28
23
14
41
5
15
13
10
8
44
24
29
1
6
3
5
2
18
5
5
36
44
37
8
26
16
24
16
12
28
50
14
1
3
19
21
7
48
7
8
31
15
3
61
1
5
16
9
6
14
2
15
7
2
2
30
25
1
16
3
55
3
15
7
8
10
22
20
16
5
22
18
13
41
7
12
8
22
20
17
64
23
42
36
18
2
2
42
3
28
14
21
4
14
23
7
5
1
18
14
14
6
21
7
40
1
40
21
9
8
8
64
7
25
34
16
5
3
5
10
28
6
18
38
16
27
17
5
4
3
11
6
13
8
2
47
44
15
7
30
15
2
44
21
19
38
14
5
24
3
18
10
26
23
16
8
37
12
62
33
26
2
9
1
15
28
7
19
27
20
5
7
5
25
26
27
1
16
9
4
60
13
14
3
2
53
14
12
8
48
4
45
33
4
20
5
12
38
7
10
2
20
15
15
