11
26
14
18
13
51
6
23
4
30
7
50
1
3
2
47
9
19
4
19
32
3
80
21
17
1
14
10
4
2
31
10
9
17
35
16
3
25
13
79
35
6
29
15
50
13
13
4
3
10
7
23
10
34
34
2
7
10
21
26
81
7
4
18
5
20
1
5
26
4
10
18
7
9
7
37
18
5
19
8
29
38
29
10
36
33
27
30
30
32
1
31
21
43
57
25
11
23
6
17
66
12
31
37
3
32
57
11
2
8
7
16
20
11
8
22
7
51
53
6
12
16
18
10
12
11
3
2
4
1
3
28
4
23
63
20
54
18
46
7
11
49
13
12
47
4
53
30
69
43
14
71
42
8
41
22
27
25
26
4
1
15
20
7
12
19
9
31
31
7
10
11
56
8
24
6
2
29
28
10
36
23
50
20
10
12
5
51
3
9
13
14
25
34
19
2
2
32
11
30
34
28
15
35
11
7
23
9
3
26
18
17
5
19
14
7
1
24
4
13
15
9
27
13
50
30
31
9
10
14
25
14
5
18
16
63
4
1
17
11
20
1
29
36
27
12
4
36
21
13
50
20
6
