  -2.0151952e-01
   6.4853578e+00
  -9.9495460e+00
   7.2169353e+00
   8.6154377e+00
   9.5822751e+00
  -5.4422408e-01
  -2.5148771e+01
   2.7587739e+01
   5.9931085e+00
   2.0794028e+00
  -1.0215166e+00
   9.3821715e+00
  -1.3253977e+01
  -8.2609996e+00
  -4.7128823e+00
   9.3307122e+00
  -1.3256798e+01
  -1.0580357e+01
  -4.5099562e+00
   5.4314092e+00
  -7.9033911e+00
   8.7467664e+00
   1.1897458e+01
  -1.6010024e+00
   2.2432571e+01
   1.1381729e+01
   1.8782883e+01
  -1.9191606e-01
  -1.5125418e+01
   3.2931817e+00
  -2.3352915e+01
   1.1672387e+00
  -1.2885973e+01
  -3.5317332e+00
   8.0385062e+00
  -7.4573489e+00
   2.7032645e+00
  -1.2538805e+01
   3.0869065e+00
   4.0458827e+00
   3.4983486e+00
   1.1607532e+01
   1.1550533e+00
  -6.0668835e+00
  -5.5634093e+00
  -1.1329017e+01
   1.2765537e+00
   3.8406809e+00
  -1.3626986e+00
  -2.1102950e+00
   1.8705501e+01
  -1.6741881e+01
   1.9649372e+01
   8.0262253e+00
   4.4605388e+00
   1.5175188e+01
  -4.5066014e+00
   1.4731610e+01
  -4.2034365e+01
  -9.0656247e+00
  -1.4417586e+01
  -5.8748422e+00
   2.2753308e+00
   7.6127892e-01
   4.5566246e+00
  -2.7356815e+01
  -7.1255309e-01
  -1.5579793e+01
  -4.6131830e+00
   4.8891104e+00
   8.8965112e+00
  -6.4837045e-01
   3.6609410e-01
   1.6076548e+01
  -1.0163041e+01
   1.3657100e+01
  -4.4839472e+00
  -2.5909286e+00
  -1.3522713e+01
  -1.9860363e+01
  -2.4289469e+01
  -1.9163979e+01
   1.4009880e+01
  -1.0885684e+01
  -1.0301191e+01
   1.3445612e+01
   1.6110469e+01
  -2.9335984e+01
  -1.8492845e+01
  -1.4567182e+01
  -2.8190838e+00
   1.9352805e+01
  -3.4819387e+00
  -1.1234791e+01
  -2.2497949e+00
  -1.4214323e+01
   1.2260904e+01
   1.1994971e-01
   1.4468167e+01
   1.1619663e+01
   6.1727659e+00
   1.7435243e+01
   6.1391523e+00
   5.8391356e+00
   8.0272050e+00
   6.5472329e+00
  -9.2308628e-01
   1.1126189e+01
   6.4895107e+00
  -2.1035093e+00
  -1.1246781e+00
   9.3188862e+00
  -1.7957196e+01
   2.2328842e+01
   3.4536001e+00
  -1.0418759e+01
  -1.5296079e+01
   3.4745632e+00
   2.6076952e+01
   2.0815613e+01
   1.4439146e+01
   7.0256796e+00
   4.6650660e+00
  -3.0321255e-01
   1.4779381e+01
  -3.8155948e+01
  -6.1133731e+00
   4.0263492e+00
  -2.8176927e+01
   5.1304525e+00
  -5.3120736e+00
  -3.6288310e+01
   7.6226388e+00
  -2.0085024e+00
  -3.5796351e+00
   1.8223012e+01
   4.2661422e+00
  -1.3811071e+00
  -5.3354238e+00
  -1.1224227e+01
  -1.7851257e+00
   2.7660694e+01
  -1.7307582e+01
   5.2680622e+00
  -1.3702207e+01
   1.1868556e+01
  -2.5943613e+00
   3.2136340e+00
  -2.0642351e+01
  -7.8226041e+00
  -1.8001078e+01
  -7.1236405e+00
   3.0186751e+01
   5.5794583e+00
   1.8537249e+01
   1.6434652e+00
   1.8822966e+01
   8.8152311e+00
   1.2368115e+01
   8.1082434e+00
  -3.6180161e-01
  -2.7528227e+00
  -4.1944110e+00
  -3.0424652e-01
  -1.6728031e+01
   3.7993076e+00
  -1.1879515e+01
  -6.5517070e-01
  -1.8928985e+01
  -9.2155823e+00
  -1.4415514e+01
  -7.8335426e+00
   6.8771132e+00
   2.1374838e+00
   7.7695900e+00
  -1.8941765e+01
   2.0888352e+01
   6.4564145e+00
  -2.3665267e+01
   1.5393641e+01
   1.0492168e+01
   9.8085354e+00
  -2.6342361e+00
  -1.3844893e+01
   1.7156458e+01
  -1.4929327e+01
   1.5453098e+01
   7.0149000e+00
  -8.3594077e+00
  -1.7523453e+01
   5.9776592e+00
   9.1040743e+00
   9.3546794e-01
   2.4833600e+01
   1.0161084e+01
   1.2325427e+01
   1.8756617e+01
  -6.3708382e+00
   1.5220621e+01
   2.7325901e-01
  -3.9653387e+01
  -5.5287225e-01
   1.0055047e+01
  -2.1288744e+01
   3.1018231e+01
  -2.2119829e+01
   2.6335524e+00
   3.1968613e+00
  -2.6717278e+00
   1.5641767e+01
  -7.2986695e+00
  -1.4025543e+00
  -1.4363497e+00
  -3.0480479e+01
   3.6044385e+00
  -3.5024614e+01
   2.8731950e+00
   4.7647909e+00
  -1.4403889e+01
   1.8599264e+01
   1.4995872e+00
  -7.0579712e+00
   7.7020671e+00
   3.2327419e+01
   1.0040276e+01
  -1.0237291e+01
   1.7855321e+01
  -6.3065579e+00
  -2.3702167e-01
  -1.1966413e+01
   2.6283008e+01
  -4.3529905e+00
  -3.3895154e+00
   1.6296005e+01
   4.1732034e+00
   6.8439784e+00
   8.2335196e+00
  -7.7051884e+00
   1.3950038e+00
   1.0156824e+01
   6.8902631e+00
   1.5407448e+01
   1.8195285e+01
  -1.1520652e+01
   8.4140782e+00
  -7.3084209e+00
  -8.3196425e+00
   1.2857820e+01
  -1.8863976e+00
   1.5071210e+01
   9.7994626e+00
   1.5158179e+01
  -3.3502187e+01
   1.3312604e+01
  -3.5428157e+01
  -8.0489320e+00
  -7.3860780e+00
  -4.2710904e+00
  -6.8569511e+00
   6.0985417e+00
  -6.5394034e+00
   5.5995380e+00
   1.1493648e+01
   6.9099456e+00
  -3.8379794e-01
  -7.8191240e+00
  -2.4601813e+01
   1.4884045e+00
  -2.3591262e+00
  -1.6844116e+01
   1.3823933e+00
   2.6761642e+00
