13
3
32
6
7
17
22
5
1
14
37
32
11
2
14
10
42
40
8
18
9
4
12
9
2
6
37
29
7
17
7
8
11
18
20
15
18
9
9
38
1
13
13
9
2
11
17
31
10
1
7
22
36
45
2
5
4
1
45
7
12
17
29
8
47
16
9
19
20
11
5
31
14
8
35
14
15
4
7
23
9
31
16
9
9
3
19
15
4
7
51
3
26
6
1
5
4
3
20
2
24
12
22
19
7
10
9
4
21
1
9
7
16
10
2
13
9
8
11
12
19
16
9
23
2
2
16
1
23
15
3
11
8
23
12
8
5
5
6
10
7
16
9
11
11
32
23
4
19
5
17
6
15
8
9
26
15
