8
17
8
27
6
28
19
1
17
19
12
14
16
9
1
30
9
2
5
16
51
23
38
8
23
17
24
7
8
1
36
1
39
42
3
13
20
16
3
51
14
7
40
25
17
22
6
11
11
30
23
7
6
3
24
17
7
12
16
7
28
8
2
3
39
40
23
32
1
46
5
62
21
9
3
9
6
9
11
15
31
5
34
3
8
31
10
39
32
24
53
11
37
10
1
25
9
2
23
13
6
2
15
30
26
27
9
2
12
7
24
49
14
9
37
11
18
7
37
1
22
7
33
12
17
56
13
5
8
14
11
15
16
9
39
22
14
10
21
21
22
39
14
8
26
14
28
10
14
10
5
2
17
7
22
2
20
35
1
4
16
24
27
5
5
3
20
3
4
6
13
14
3
2
9
6
12
7
11
9
10
6
12
16
24
19
1
45
2
26
8
24
14
5
23
1
1
5
10
1
17
29
5
1
27
2
3
3
2
7
16
