14
21
5
52
9
7
14
2
2
12
19
23
2
19
18
21
2
25
24
5
7
5
6
4
6
38
10
10
20
15
1
1
18
27
1
15
1
3
13
6
3
1
8
38
8
32
14
25
4
8
7
4
7
4
3
17
86
2
17
15
20
4
2
10
25
13
3
4
6
26
6
24
11
7
16
63
6
12
10
4
3
11
5
5
7
5
20
11
13
8
41
19
9
8
12
1
50
25
7
8
16
25
5
18
14
2
11
9
12
28
17
2
11
4
13
26
5
31
3
22
29
54
8
24
17
10
11
38
2
16
2
17
17
7
3
24
4
19
31
1
7
9
4
17
3
4
14
16
14
5
9
18
6
7
16
4
10
21
1
10
22
24
39
18
12
1
19
32
16
30
1
4
9
6
7
6
9
13
28
5
16
10
11
19
30
5
13
12
3
27
13
34
16
6
6
9
11
6
16
3
39
8
25
10
15
24
17
15
14
8
43
2
1
11
10
5
4
20
25
3
29
8
4
1
16
1
16
23
7
31
1
9
15
11
1
30
11
10
8
22
27
4
5
7
7
13
12
60
36
25
12
5
3
10
11
15
2
49
14
22
6
26
30
