3
12
9
10
12
28
3
32
22
5
15
16
11
14
37
52
19
10
23
30
44
40
35
13
1
3
16
35
57
11
12
51
11
30
18
24
18
9
39
2
2
9
14
2
1
3
15
51
2
32
1
20
15
51
43
49
31
3
9
7
8
20
38
7
29
36
4
14
30
7
26
28
44
6
12
21
37
11
11
25
12
12
26
13
13
5
15
20
12
15
11
10
4
4
3
37
2
1
20
3
3
38
6
34
31
40
25
32
12
26
4
7
3
69
10
19
6
20
4
12
45
2
8
51
18
27
1
7
6
6
5
7
8
1
12
36
3
8
42
18
7
2
19
10
21
34
3
16
40
19
4
8
15
8
17
19
27
6
20
19
12
9
5
4
18
11
13
14
25
10
31
4
9
26
12
58
3
9
8
3
14
24
4
13
22
23
2
22
12
11
15
3
24
13
20
2
24
3
26
2
11
17
11
2
13
17
21
16
11
2
22
14
2
14
3
24
2
17
2
10
8
12
6
7
9
20
7
2
17
5
22
7
12
30
1
33
7
2
12
2
13
5
3
19
14
2
2
15
19
6
27
13
1
2
34
20
16
21
3
9
28
22
26
1
26
1
11
5
1
11
29
29
14
3
6
6
12
24
9
27
38
3
23
3
15
5
11
3
35
11
26
51
9
5
16
2
3
9
20
4
2
7
2
5
5
8
9
2
4
15
4
24
21
9
8
6
24
1
9
13
3
3
28
4
15
9
3
5
1
7
26
3
10
2
12
10
10
1
5
4
1
3
22
3
11
45
4
18
4
14
10
25
13
23
11
4
15
17
5
15
1
12
36
3
1
13
31
6
31
5
28
5
21
1
2
15
18
16
13
2
23
7
12
10
17
26
