4
4
6
9
15
5
15
27
17
4
12
26
2
10
8
7
14
5
7
14
12
26
26
9
6
13
20
1
10
23
19
9
1
6
23
13
17
26
15
6
13
8
14
13
12
23
7
15
27
4
8
11
50
4
13
6
21
12
21
1
13
2
3
9
13
1
14
4
16
18
15
3
12
23
22
6
12
21
26
3
7
5
2
10
4
14
4
21
20
34
13
3
1
2
18
7
6
5
22
22
33
4
14
18
3
13
6
2
4
8
36
21
9
17
23
14
32
3
1
15
11
14
13
13
3
12
14
21
30
7
11
2
7
35
6
5
12
27
20
4
18
24
17
9
10
4
31
7
28
42
9
16
18
11
5
7
7
14
2
12
17
14
24
2
5
10
5
17
6
23
18
4
11
26
40
2
22
15
21
17
11
1
3
42
1
22
3
27
16
1
13
2
22
15
16
10
9
50
42
15
4
13
14
12
3
17
4
3
5
34
5
49
4
26
3
18
18
22
22
34
1
4
3
41
11
14
15
6
3
44
19
2
11
24
49
15
14
15
17
15
11
5
38
22
36
10
6
27
10
7
3
12
1
10
28
38
7
16
1
6
2
14
2
4
10
3
2
12
5
12
29
9
14
