29
34
27
38
46
44
17
25
19
4
47
40
26
6
10
6
19
29
10
14
10
17
8
13
31
36
32
19
37
19
20
35
30
11
10
25
2
5
15
38
35
35
3
15
10
33
2
10
8
13
39
26
23
26
20
17
2
34
28
28
7
18
24
31
82
3
23
10
17
26
5
68
37
30
14
37
10
9
32
29
24
2
5
35
27
32
11
26
4
31
36
14
25
3
21
10
38
11
31
35
26
16
11
17
22
15
13
13
20
9
13
20
41
1
10
2
7
1
45
4
14
4
17
36
33
33
11
10
27
20
22
34
1
10
22
42
7
16
9
19
28
35
20
17
6
57
50
20
47
4
29
31
7
17
24
24
16
9
2
54
28
25
10
14
25
41
6
7
7
33
25
6
9
27
12
48
25
4
26
41
36
8
44
2
93
44
3
21
14
48
8
71
35
27
5
44
33
16
54
26
14
12
6
28
4
1
23
37
14
37
51
37
15
4
41
12
3
7
10
8
7
35
23
11
17
10
68
29
16
9
7
28
22
11
3
12
10
5
19
32
9
34
22
21
13
34
5
6
19
6
44
22
18
7
3
8
17
28
20
19
1
36
8
35
22
29
16
13
2
4
20
2
32
11
33
25
