5
44
13
6
25
8
4
3
13
7
12
8
9
19
1
1
10
3
11
16
13
2
3
11
20
4
40
18
16
20
13
25
28
27
15
21
7
8
30
34
11
49
7
6
9
47
10
16
4
8
34
7
6
19
6
29
10
4
5
7
2
14
17
7
9
50
20
15
11
4
1
13
6
23
29
8
23
11
2
6
17
18
32
30
25
20
3
8
9
13
42
9
10
12
13
12
1
31
2
9
32
9
12
27
16
7
12
9
29
18
18
14
16
24
40
9
4
27
2
14
9
11
18
5
6
9
9
33
6
10
7
39
17
6
6
5
42
5
2
22
13
30
10
10
25
5
11
24
3
32
18
37
16
14
15
3
8
34
8
16
13
13
11
3
15
13
8
11
10
34
31
26
8
50
7
6
16
20
4
7
25
17
44
10
4
2
25
21
7
20
19
14
3
15
15
11
16
15
20
14
12
13
22
13
1
9
23
15
7
18
14
6
11
2
11
7
42
3
21
3
15
41
9
2
12
8
1
17
13
1
18
16
10
2
10
6
18
21
16
22
6
3
19
27
25
23
3
27
1
20
6
23
49
15
17
23
11
5
6
