14
50
27
32
14
14
46
19
20
11
2
53
12
10
20
3
25
16
14
9
22
40
7
18
42
9
3
22
2
2
9
1
4
2
9
37
13
3
12
38
13
25
12
5
6
3
10
14
19
16
18
26
40
29
19
2
40
46
32
27
14
35
18
6
29
61
13
2
37
6
23
25
24
2
7
5
49
13
9
18
3
3
18
34
37
7
35
7
5
1
4
4
10
18
2
24
16
6
9
35
29
30
13
7
12
1
14
2
6
25
17
6
18
20
8
33
36
8
50
5
4
8
8
7
14
3
55
29
15
13
39
27
15
15
2
8
14
10
2
2
10
10
13
14
20
3
22
1
3
11
1
25
15
15
10
2
12
9
3
3
6
5
2
10
7
8
17
13
1
15
17
14
6
12
17
11
14
20
5
18
22
13
1
14
5
3
18
6
30
12
1
4
11
7
25
21
7
25
2
26
3
