14
1
2
13
16
36
49
6
25
21
24
14
1
23
8
19
21
4
2
39
26
5
53
18
34
26
8
24
3
10
47
22
3
3
14
15
25
48
14
7
10
20
7
22
2
1
11
41
18
14
26
28
33
13
52
1
9
20
2
10
13
5
4
46
15
2
18
26
14
4
8
19
8
41
15
2
14
26
31
4
33
19
18
22
13
2
34
59
30
22
5
15
18
9
40
8
3
9
21
2
24
12
37
14
9
3
58
16
26
14
22
11
9
16
4
16
24
1
30
4
5
4
15
7
3
45
33
1
17
9
35
5
2
30
4
10
25
14
12
15
18
16
2
17
32
34
21
10
66
12
30
30
4
5
6
10
19
11
33
5
20
15
25
10
35
20
7
17
31
26
26
15
23
28
4
31
13
3
17
26
12
12
32
27
16
27
3
2
2
19
4
31
5
29
32
9
5
32
14
3
15
7
18
23
36
40
14
13
19
13
33
2
47
19
30
38
30
2
10
15
15
15
4
10
11
14
17
8
25
13
9
37
3
9
5
5
