   3.3000970e+01
   5.1258319e+01
   6.1713103e+01
   3.0616188e+01
   9.2788229e+01
   4.4117491e+01
   3.0779815e+01
   9.5689599e+01
   1.1028595e+01
   4.2323746e+01
   7.7452248e+01
   6.7576915e+01
   4.4243983e+01
   7.2043225e+01
   3.1219153e+01
   4.6319048e+01
   4.0525487e-01
   4.0922259e+01
   1.7839534e+01
   2.9812014e+01
   4.5219671e+01
   6.5797086e+01
   3.3284792e+01
   8.0470279e+01
   8.3604332e+01
   6.1649476e+01
   5.5446055e+01
   3.2395706e+01
   4.2668995e+01
   5.5988715e+01
   1.6552350e+01
   5.8261340e+01
   3.5570931e+01
   4.3231241e+01
   6.3243220e+01
   1.0177317e+00
   7.8775353e+01
   4.7176113e+01
   5.2780218e+01
   6.1415487e+01
   3.8939560e+01
   6.3217232e+01
   5.0348858e+01
   5.0120892e+01
   2.9852187e+01
   1.4901479e+01
   1.4104334e+01
   4.8802759e+01
   5.7538679e+01
   4.5406321e+01
   5.7721555e+01
   2.5072739e+01
   7.0419516e+01
   6.5358003e+01
   9.1692620e+01
  -6.4042789e+00
   8.4080126e+01
   5.8540147e+01
   5.4742529e+01
   4.0670573e+01
   9.9864476e+01
  -2.2132273e+01
   3.9139587e+01
   2.6254987e+01
   6.5568999e+01
   1.8178122e+01
   3.4435968e+01
   2.9391447e+01
   1.7692704e+01
   7.0647721e+01
   5.2870848e+01
   6.3540568e+01
   5.8108610e+01
   4.1515836e+01
   6.1813382e+01
   3.9158359e+01
   7.9743678e+01
   3.5424417e+01
   8.9825637e+01
   3.9663280e+01
   5.3602309e+00
   4.7476764e+01
  -6.6841053e+00
   5.5691904e+01
   2.3510650e+01
   9.5122385e+01
   2.7363002e+01
   2.7212604e+01
   1.7630437e+01
   2.6415563e+01
   5.4315469e+01
  -1.1326806e+01
   5.0319338e+01
   4.9914354e+01
   7.2217256e+01
   2.3899398e+01
   3.4879687e+01
   4.9470054e+01
   3.6281385e+01
   8.2392140e+01
   5.4238289e+01
   6.5861412e+01
   5.1037767e+01
   3.5337670e+01
   5.2456526e+01
   2.0283524e+01
   5.0894997e+01
   6.1690936e+01
   2.8508130e+01
   4.7540282e+01
   6.3308604e+01
   2.4561530e+01
   4.0142389e+01
   7.7899488e+01
   5.5913327e+01
   9.3672430e+01
   4.2957820e+01
  -1.5556131e+00
   1.9804897e+01
   8.4851362e+01
   3.6456984e+01
   5.2784726e+01
   6.1023042e+01
   4.4159562e+01
   3.0238677e+01
   5.4643692e+01
   4.8233070e+01
   2.7063131e+01
   3.6492731e+01
   8.2018138e+01
  -3.6854385e+00
   9.3384103e+01
   6.1697769e+01
  -7.3972739e+00
   4.4509494e+01
  -5.7979896e+00
   5.4332220e+01
   7.3983336e+01
   5.9376968e+01
   7.0310433e+01
   6.2181271e+01
   2.6128555e-01
   3.5732451e+01
   2.9815905e+01
   5.7658712e+01
   9.4912861e+01
   6.5781356e+01
   7.6420899e+01
   1.0013393e+01
   5.2783841e+01
   7.9573225e+01
   6.5862940e+01
   3.8375780e+01
   3.2572049e+01
   5.9726550e+01
   6.4684288e+01
   5.8804792e+01
   9.3829391e+01
   4.2658420e+01
   1.0522535e+02
   7.5301082e+01
   7.8930089e+01
   7.3162924e+01
   6.1757411e+01
   5.8580314e+01
   9.0864935e+01
   3.1394749e+01
   5.3981021e+01
   3.7754827e+01
   2.7178092e+01
   4.7109881e+01
   3.7371875e+01
   5.5599142e+01
   2.9326217e+01
   3.0820254e+01
   6.9734170e+01
   4.9053036e+01
   3.2836431e+01
   6.4777390e+01
   7.0199201e+01
   3.7674368e+01
   5.9650421e+01
   6.0490973e+01
   1.2373339e+01
   6.8583108e+01
   5.2248739e+01
   7.1386732e+01
   6.5949797e+01
   6.3765360e+01
   9.1241072e+01
   3.1459982e+01
   1.6879881e+01
   7.0574233e+01
   6.1639000e+01
   1.9990778e+01
   6.8759904e+01
   5.8423326e+01
   3.9186118e+01
   6.8664544e+01
   3.4515734e+01
   4.8942480e+01
   5.4893462e+01
   2.6179065e+01
   6.0949002e+01
   2.7018197e+01
   7.7287220e+01
   1.8970570e+01
   1.2150147e+01
   3.1979550e+01
   7.5381340e+01
   5.1505992e+01
   2.1858397e+01
   6.0646257e+01
   3.3894796e+01
   1.0507014e+01
   7.3776829e+01
   5.1554107e+01
   3.7430093e+01
   1.3042826e+01
   4.5759741e+01
   4.5740894e+01
   3.8128461e+01
   7.3203011e+01
   7.6353429e+01
   3.2719659e+01
   3.4821758e+01
   6.6924933e+01
   7.7001021e+01
   7.1618894e+01
   8.1626982e+01
   7.9316816e+01
   5.5895434e+01
   3.9488534e+01
   5.3052126e+01
   7.3095355e+01
   1.1580933e+01
   8.4282785e+01
   2.9612748e+01
   1.6629203e+00
   7.3925086e+01
   7.0642564e+01
   4.9353569e+01
   2.9706048e+01
   1.8004321e+01
   2.1765622e+01
   2.7586576e+01
   7.5258860e+01
   2.4023282e+01
   3.0867294e+01
   5.6592189e+01
   4.0939904e+01
   1.4814288e+01
   7.2778015e+01
   2.4166967e+01
   4.3434088e+01
   8.7378148e+01
   3.0892511e+01
   2.1158520e+01
   6.0317563e+01
   6.9499510e+01
   5.2450513e+01
   7.4070645e+01
   5.8346894e+01
   3.3150562e+01
   3.5208858e+01
   3.2360046e+01
   4.9039295e+01
   2.4687224e+01
   5.3560268e+01
   6.7044193e+01
   4.2519169e+00
