   4.4013693e+01
   5.1220454e+01
   5.7686260e+01
   4.9012057e+01
   6.7371252e+01
   5.1401012e+01
   4.7769940e+01
   7.5431340e+01
   3.3189484e+01
   4.8481107e+01
   6.5981112e+01
   6.0260952e+01
   5.0245123e+01
   6.2552794e+01
   4.6036311e+01
   5.4394272e+01
   2.5359074e+01
   4.6552431e+01
   3.6259765e+01
   4.4924880e+01
   4.8771600e+01
   5.9229118e+01
   4.9016988e+01
   6.5605587e+01
   6.6406796e+01
   6.0546908e+01
   5.6184458e+01
   4.3219703e+01
   5.0818557e+01
   5.3980498e+01
   3.3379603e+01
   5.9375506e+01
   4.4546116e+01
   5.2856371e+01
   6.0648183e+01
   2.7950882e+01
   6.9609300e+01
   4.9967549e+01
   5.3295179e+01
   5.7270213e+01
   4.8889063e+01
   5.9648812e+01
   4.9830132e+01
   4.8988689e+01
   4.5105836e+01
   3.9709540e+01
   3.7504486e+01
   5.4216882e+01
   5.5951202e+01
   5.4204242e+01
   5.7903104e+01
   3.8116991e+01
   6.1022811e+01
   5.5669387e+01
   6.9543864e+01
   2.3470374e+01
   6.7566740e+01
   5.8666767e+01
   5.7043109e+01
   4.9186723e+01
   7.7052218e+01
   7.0202944e+00
   4.5758865e+01
   4.5053571e+01
   5.9347475e+01
   3.1726088e+01
   4.6678478e+01
   4.1428924e+01
   3.5392403e+01
   6.4518667e+01
   5.5208971e+01
   6.3516408e+01
   6.1223495e+01
   4.8211930e+01
   6.0973655e+01
   4.5719651e+01
   6.6503505e+01
   4.5379683e+01
   6.9285170e+01
   4.6410938e+01
   3.1187246e+01
   5.1727625e+01
   1.9469469e+01
   5.7713872e+01
   3.9365263e+01
   7.0910709e+01
   4.1792470e+01
   4.2175729e+01
   3.5267209e+01
   4.0994522e+01
   5.1253882e+01
   1.4699098e+01
   5.3653778e+01
   5.4087767e+01
   6.3000272e+01
   4.0124003e+01
   4.2794984e+01
   5.3347828e+01
   4.7248688e+01
   6.4032928e+01
   5.5668051e+01
   6.1117288e+01
   5.3398468e+01
   4.5677895e+01
   5.6513279e+01
   4.1287273e+01
   5.1750162e+01
   5.8974901e+01
   4.2787859e+01
   5.1309197e+01
   5.7487631e+01
   4.2503785e+01
   4.7314192e+01
   5.9048044e+01
   5.4522416e+01
   6.8076766e+01
   4.6284752e+01
   2.1456368e+01
   3.5109067e+01
   6.8187844e+01
   3.4415790e+01
   5.6778202e+01
   6.0345585e+01
   5.3859700e+01
   4.1862908e+01
   5.5087621e+01
   5.6619373e+01
   3.9026392e+01
   4.5537950e+01
   6.9385466e+01
   2.2303630e+01
   7.3254617e+01
   5.7133387e+01
   1.9541221e+01
   4.8639466e+01
   7.4126818e+00
   5.2870430e+01
   5.9139208e+01
   5.9447593e+01
   6.3217840e+01
   5.5159936e+01
   2.5236066e+01
   4.1571429e+01
   4.3895793e+01
   5.1793894e+01
   7.0939921e+01
   5.8622367e+01
   6.4987465e+01
   3.1360234e+01
   5.6416741e+01
   6.4195374e+01
   5.8185295e+01
   4.4742221e+01
   4.5225469e+01
   5.2702928e+01
   6.0909781e+01
   5.9134970e+01
   6.8455022e+01
   4.9918623e+01
   7.4665565e+01
   6.1516372e+01
   6.4522380e+01
   5.8139741e+01
   5.8526938e+01
   5.4195629e+01
   6.6814026e+01
   4.9499849e+01
   5.0561766e+01
   4.6472060e+01
   4.2317323e+01
   5.5137801e+01
   4.6208405e+01
   5.2045713e+01
   4.5019198e+01
   4.5096635e+01
   6.0516096e+01
   5.6450561e+01
   4.5871703e+01
   5.8602593e+01
   6.0365591e+01
   4.7655718e+01
   5.6436362e+01
   5.9188902e+01
   4.1075150e+01
   6.1158055e+01
   5.7173740e+01
   6.2363096e+01
   6.1974916e+01
   5.9468772e+01
   6.9571133e+01
   4.6261617e+01
   3.9942731e+01
   6.1750722e+01
   5.6956581e+01
   3.8649339e+01
   5.9014980e+01
   5.5210985e+01
   4.7952465e+01
   6.1627728e+01
   4.7356522e+01
   5.1102671e+01
   5.4033464e+01
   4.0779787e+01
   5.4409845e+01
   4.4084308e+01
   6.6745154e+01
   3.0547086e+01
   3.3102952e+01
   4.4938407e+01
   6.4109783e+01
   5.0209935e+01
   3.7991483e+01
   5.7997042e+01
   4.6417831e+01
   3.5534987e+01
   5.9218980e+01
   5.3536999e+01
   4.9666943e+01
   3.8133274e+01
   5.3101717e+01
   5.1318804e+01
   4.9089124e+01
   6.2358690e+01
   6.4466676e+01
   4.6114725e+01
   4.5220785e+01
   5.8912233e+01
   6.4450058e+01
   6.3234757e+01
   6.2655318e+01
   6.9769781e+01
   5.8029532e+01
   5.2344043e+01
   5.7894062e+01
   6.2505668e+01
   3.4444423e+01
   6.5790695e+01
   4.1743191e+01
   3.1596094e+01
   6.5421582e+01
   6.3078187e+01
   5.2569593e+01
   4.4484298e+01
   3.9522200e+01
   4.1280052e+01
   4.1644367e+01
   6.4389311e+01
   4.2353100e+01
   4.2125084e+01
   5.6566321e+01
   4.9278953e+01
   3.4039292e+01
   6.4378370e+01
   3.8327995e+01
   5.1345187e+01
   6.8090583e+01
   4.3413095e+01
   3.9481790e+01
   5.7476849e+01
   5.9316593e+01
   5.2933476e+01
   6.4362250e+01
   5.8750296e+01
   4.9707648e+01
   4.5292329e+01
   4.5677707e+01
   5.2996823e+01
   3.8309954e+01
   5.2281096e+01
   5.8971468e+01
   2.8428417e+01
