2
13
33
40
20
3
54
7
2
22
16
14
5
21
18
21
3
26
3
15
30
18
13
2
18
28
44
2
3
19
13
21
13
26
3
47
7
9
24
31
23
10
26
33
1
14
2
3
33
11
16
13
9
13
10
9
4
1
6
8
4
11
15
49
24
12
15
4
24
25
15
7
34
2
2
7
4
9
12
29
26
24
21
32
37
5
12
10
27
5
39
13
14
34
22
2
4
27
19
37
1
11
3
67
10
2
21
36
27
7
13
26
3
33
20
8
16
19
50
4
14
5
13
13
21
36
9
7
5
13
51
21
14
30
14
4
10
5
16
23
23
8
33
11
27
33
21
6
17
22
9
5
41
7
29
26
10
13
26
22
16
52
33
29
45
45
7
19
15
4
31
27
4
49
17
9
14
2
32
22
1
15
5
1
4
28
9
14
8
19
6
9
1
14
30
16
3
17
41
13
18
3
11
37
13
32
14
11
33
7
6
16
15
22
15
11
11
22
6
2
14
15
3
12
48
20
2
32
2
13
5
5
38
30
25
27
42
11
5
4
14
27
14
24
7
28
6
21
11
2
20
20
18
60
10
15
9
6
25
6
8
12
28
15
47
1
9
7
41
2
76
12
1
9
10
6
3
