15
13
5
16
17
2
44
6
23
15
53
7
7
27
26
20
14
23
16
10
17
5
36
8
8
10
6
27
31
3
51
22
3
28
51
9
8
6
2
27
2
38
11
18
5
11
15
33
6
2
31
10
3
29
25
25
5
6
8
10
16
6
83
15
7
22
25
23
15
9
8
58
24
5
21
51
12
47
7
10
23
1
15
28
5
8
7
24
2
1
59
14
3
24
22
4
20
58
1
4
15
2
16
28
7
28
3
17
13
18
15
9
25
23
6
50
24
26
9
2
80
25
12
14
10
24
14
22
9
2
25
12
6
1
20
7
26
11
3
15
8
40
46
12
11
2
2
34
16
21
3
16
2
21
11
1
2
15
11
10
13
44
20
19
6
9
12
16
4
2
4
26
54
18
5
2
9
40
41
21
3
20
30
8
10
34
18
7
17
12
4
7
10
8
8
16
14
69
13
3
11
12
15
21
12
14
3
14
15
7
23
12
5
35
58
9
13
38
5
7
52
5
10
5
36
25
31
32
16
31
18
15
6
11
21
34
20
15
8
20
7
14
3
25
9
6
6
13
11
46
8
10
55
