13
9
13
36
2
19
12
4
22
6
15
14
15
10
21
46
10
31
26
20
6
3
3
17
7
20
14
27
5
56
25
76
3
16
1
3
6
3
2
5
11
48
30
2
7
31
21
1
15
26
17
5
18
2
11
14
35
8
12
3
5
3
30
13
5
43
6
2
34
33
57
13
34
22
31
1
14
1
5
20
11
9
3
36
16
23
18
32
1
15
17
2
22
33
3
13
1
5
42
15
4
18
1
4
14
8
19
48
14
8
9
8
15
15
6
29
5
5
41
12
15
59
15
11
1
1
43
9
44
11
18
13
6
43
30
48
3
17
17
23
27
3
3
7
12
24
11
3
16
9
5
3
11
43
9
20
2
14
6
6
53
25
13
6
17
32
21
7
16
29
44
22
15
58
8
31
23
8
25
14
22
13
72
19
27
4
7
79
8
13
5
26
16
9
6
56
8
6
47
54
22
16
8
11
31
30
4
24
60
19
20
18
6
1
11
14
2
5
8
3
3
21
35
18
53
14
8
36
31
8
7
23
19
11
8
20
14
14
33
10
58
2
10
23
20
11
28
7
26
35
24
3
3
16
5
27
11
25
51
3
50
15
40
18
