14
5
11
19
33
16
15
24
13
12
42
3
12
7
41
7
36
34
16
5
16
19
8
3
1
25
35
2
12
20
5
1
13
21
30
12
30
14
1
18
3
20
24
31
19
49
12
13
27
13
2
3
9
3
1
28
28
28
14
20
11
7
25
41
21
13
16
5
3
29
12
23
16
14
10
15
8
19
5
25
9
40
3
26
3
21
29
52
3
48
28
33
9
10
17
8
64
3
14
13
4
5
21
32
10
32
12
17
40
4
1
7
27
18
13
20
16
6
26
24
35
12
9
26
29
6
35
2
1
20
2
11
9
30
39
69
3
8
14
29
8
10
18
15
6
6
4
3
8
31
49
45
25
11
4
21
19
34
10
39
5
8
3
18
16
19
50
16
6
3
23
11
40
8
32
19
1
13
18
11
13
2
52
3
1
10
24
13
19
24
23
3
22
8
13
23
42
52
15
6
11
20
34
4
6
13
8
13
20
17
37
82
40
25
22
39
4
19
18
3
43
22
10
32
9
33
32
29
12
9
18
45
24
13
8
2
10
12
35
12
35
20
5
5
6
20
14
18
9
30
15
15
15
33
12
23
11
2
8
45
39
3
16
7
22
10
17
22
17
28
14
50
5
6
23
10
6
