2
40
1
7
15
3
11
10
25
11
3
18
12
17
12
32
4
2
31
5
20
7
5
9
16
1
3
44
6
33
14
7
2
20
1
6
22
15
5
1
44
6
15
27
15
29
13
19
10
4
17
15
13
6
20
17
26
26
2
4
7
1
59
31
17
1
6
7
25
30
19
11
11
3
10
3
10
4
12
51
18
4
2
22
12
19
17
24
50
10
9
44
4
4
19
22
9
3
38
23
10
12
8
26
15
22
17
3
15
30
32
13
6
16
6
22
33
43
7
14
6
21
19
17
2
6
2
15
17
9
15
3
12
15
46
2
50
5
10
37
22
3
14
16
30
24
43
11
4
11
10
5
36
48
3
23
5
7
4
46
15
21
42
6
16
8
33
36
28
53
41
5
17
41
12
43
6
3
57
22
5
22
20
14
16
34
32
12
36
14
3
11
13
27
2
15
13
16
14
14
6
30
38
14
42
23
3
55
45
43
12
5
29
16
7
12
1
12
42
78
10
27
7
24
33
12
24
11
6
30
21
8
27
10
52
17
8
8
43
39
7
12
2
13
9
2
3
9
21
15
7
9
2
15
1
27
5
2
15
14
21
16
24
33
18
13
12
29
27
14
12
4
20
25
25
28
