   1.5934982e+03
   1.4908894e+03
   1.5268448e+03
   1.4830354e+03
   1.4494675e+03
   1.5402801e+03
   1.4166702e+03
   1.5218563e+03
   1.5114829e+03
   1.4936199e+03
   1.4731255e+03
   1.4820284e+03
   1.6180943e+03
   1.6792707e+03
   1.5765710e+03
   1.4265040e+03
   1.3895442e+03
   1.5563902e+03
   1.3831747e+03
   1.5585828e+03
   1.3813860e+03
   1.4643062e+03
   1.6863954e+03
   1.4480701e+03
   1.5940122e+03
   1.4472657e+03
   1.4848230e+03
   1.4135382e+03
   1.5333001e+03
   1.5058443e+03
   1.4666256e+03
   1.4322206e+03
   1.5755858e+03
   1.6024379e+03
   1.4746789e+03
   1.4284134e+03
   1.5275496e+03
   1.4770075e+03
   1.4907220e+03
   1.4227694e+03
   1.6053882e+03
   1.5893606e+03
   1.5882699e+03
   1.5504404e+03
   1.4094091e+03
   1.5021306e+03
   1.4968777e+03
   1.5422825e+03
   1.5948444e+03
   1.5674016e+03
   1.5152832e+03
   1.5119406e+03
   1.6242917e+03
   1.5209627e+03
   1.4063339e+03
   1.5940954e+03
   1.4595217e+03
   1.4711168e+03
   1.5742132e+03
   1.3935707e+03
   1.5194759e+03
   1.4960808e+03
   1.4831514e+03
   1.5090260e+03
   1.6476300e+03
   1.4341517e+03
   1.5102204e+03
   1.5495134e+03
   1.5656249e+03
   1.6296698e+03
   1.5323193e+03
   1.4358059e+03
   1.4378569e+03
   1.4626653e+03
   1.5321417e+03
   1.5546265e+03
   1.4762135e+03
   1.4205845e+03
   1.4296803e+03
   1.5327599e+03
   1.3889300e+03
   1.5070906e+03
   1.4521430e+03
   1.5007806e+03
   1.4188264e+03
   1.4692323e+03
   1.5148017e+03
   1.5692581e+03
   1.4190210e+03
   1.5348237e+03
   1.4726889e+03
   1.4766857e+03
   1.5006977e+03
   1.5880835e+03
   1.4899790e+03
   1.5428588e+03
   1.5162395e+03
   1.5506157e+03
   1.4686842e+03
   1.5127240e+03
   1.5213497e+03
   1.4132332e+03
   1.5658146e+03
   1.4729841e+03
   1.4309593e+03
   1.4147975e+03
   1.4153643e+03
   1.5951981e+03
   1.6225024e+03
   1.5053958e+03
   1.4535079e+03
   1.5501022e+03
   1.4342090e+03
   1.6334050e+03
   1.5820891e+03
   1.5611204e+03
   1.4597534e+03
   1.4139236e+03
   1.6321509e+03
   1.5503437e+03
   1.4582151e+03
   1.5605634e+03
   1.3785328e+03
   1.5032779e+03
   1.4654144e+03
   1.5165709e+03
   1.4983070e+03
   1.4807862e+03
   1.4341738e+03
   1.6856284e+03
   1.3710338e+03
   1.4333529e+03
   1.3915971e+03
   1.6768252e+03
   1.5802602e+03
   1.4320723e+03
   1.4837180e+03
   1.4446777e+03
   1.5131140e+03
   1.4325921e+03
   1.4117382e+03
   1.5178921e+03
   1.5356007e+03
   1.4454328e+03
   1.4557377e+03
   1.4831904e+03
   1.5278909e+03
   1.4472680e+03
   1.4071775e+03
   1.5824820e+03
   1.5204991e+03
   1.5646518e+03
   1.4814163e+03
   1.5877630e+03
   1.4507706e+03
   1.4804080e+03
   1.4127702e+03
   1.5140782e+03
   1.6127353e+03
   1.5841334e+03
   1.5723614e+03
   1.6417907e+03
   1.6283924e+03
   1.4584715e+03
   1.4043853e+03
   1.4212261e+03
   1.4157270e+03
   1.4560871e+03
   1.6583203e+03
   1.5302312e+03
   1.4915252e+03
   1.5651413e+03
   1.4937766e+03
   1.6251172e+03
   1.5452616e+03
   1.4912834e+03
   1.4866411e+03
   1.5467493e+03
   1.3754277e+03
   1.5889260e+03
   1.5622897e+03
   1.5853764e+03
   1.6146630e+03
   1.3762422e+03
   1.3809647e+03
   1.6297751e+03
   1.5594746e+03
   1.4543189e+03
   1.6425170e+03
   1.5091193e+03
   1.4499061e+03
   1.4285821e+03
   1.5921631e+03
   1.6772443e+03
   1.4485939e+03
   1.5488444e+03
   1.5957897e+03
   1.5489053e+03
   1.4999962e+03
   1.4825995e+03
   1.4036620e+03
   1.4606437e+03
   1.4184258e+03
   1.3799646e+03
   1.6006319e+03
   1.5339977e+03
   1.4937992e+03
   1.5304706e+03
   1.5245000e+03
   1.4580450e+03
   1.4079605e+03
   1.4771998e+03
   1.5952123e+03
   1.4091575e+03
   1.5695981e+03
   1.3977818e+03
   1.4546796e+03
   1.4440714e+03
   1.5199393e+03
   1.5171985e+03
   1.4347698e+03
