26
5
16
3
48
32
36
4
34
8
20
7
12
27
8
11
41
26
82
6
26
31
42
10
15
3
37
14
20
16
15
11
17
21
16
8
9
55
18
4
7
4
28
46
12
9
29
24
1
14
16
18
25
5
6
26
2
23
27
43
34
1
23
17
2
21
42
34
6
30
7
21
21
57
12
74
39
1
6
10
39
33
2
1
27
50
27
2
21
4
12
9
4
28
21
3
3
23
5
37
4
34
1
30
9
28
10
70
26
4
31
2
11
14
5
43
46
7
10
13
23
43
8
15
25
44
9
50
6
4
17
29
6
39
36
26
31
13
5
2
15
18
38
12
19
5
3
54
5
16
56
24
10
4
17
12
4
18
29
18
32
3
49
16
22
29
26
31
37
23
13
4
4
10
12
17
36
27
21
6
9
26
17
43
5
21
5
12
33
8
8
3
56
46
18
35
24
36
8
8
15
29
3
13
20
5
1
21
14
6
70
21
10
29
7
10
6
3
5
25
3
34
37
15
35
3
6
15
12
7
2
3
7
35
13
37
13
13
16
20
7
9
11
2
10
6
7
12
11
2
33
32
11
32
8
5
6
21
25
5
5
13
24
12
24
6
44
13
15
44
5
14
9
2
12
5
