18
17
13
6
19
5
9
1
17
28
36
30
27
65
2
14
8
36
4
14
18
5
15
4
10
6
17
15
16
14
29
8
7
14
46
19
7
12
11
19
11
3
46
11
17
2
13
8
67
14
2
10
29
18
14
2
9
9
9
26
7
1
37
19
3
21
27
17
12
13
6
22
8
6
8
2
15
4
7
13
16
17
11
35
34
40
12
14
8
9
15
19
25
13
21
19
2
4
5
20
21
31
22
9
30
54
19
1
10
14
38
11
25
32
14
29
6
49
6
83
41
18
14
5
17
3
63
9
8
33
31
2
13
50
21
22
6
4
17
5
25
25
12
41
7
31
5
3
3
2
6
43
8
34
2
11
26
18
10
20
10
29
2
43
7
6
12
11
30
31
3
66
15
19
13
17
2
31
23
1
5
13
24
19
36
29
23
4
8
3
16
11
4
24
43
12
8
2
3
3
5
4
31
26
17
3
20
12
11
34
11
6
5
26
22
22
6
18
6
13
42
3
4
7
5
38
2
13
27
7
28
7
3
24
4
3
29
2
7
29
35
12
18
