8
9
14
21
4
54
21
11
31
33
7
9
8
16
22
13
21
14
15
2
31
24
26
11
11
21
17
2
25
55
2
38
8
3
5
6
12
43
11
6
12
17
5
35
16
4
26
1
10
63
21
14
38
5
26
11
11
23
4
10
16
2
10
31
8
38
57
7
17
9
7
15
7
11
9
6
10
7
27
6
14
30
1
3
40
7
35
11
9
16
16
6
3
34
17
25
25
7
5
3
17
10
18
22
7
4
31
16
18
47
15
1
12
26
23
41
21
42
12
28
24
3
8
28
10
18
23
3
4
16
14
11
74
8
3
10
5
25
34
14
3
18
39
12
33
56
15
19
16
9
18
67
36
18
13
5
9
23
4
23
13
8
20
30
13
4
11
8
38
2
18
29
4
39
7
17
15
12
63
8
5
26
47
23
11
60
18
14
10
61
29
5
13
3
11
19
21
22
11
38
41
3
48
9
17
16
13
3
16
11
8
24
31
27
20
19
8
5
16
17
15
42
33
5
15
8
9
15
12
34
25
2
27
22
9
10
40
16
35
17
25
19
2
23
11
4
14
70
21
23
40
5
3
8
13
1
8
31
2
25
19
13
38
16
51
14
25
32
