6
20
11
5
11
23
17
24
20
2
40
28
15
42
43
42
31
15
11
19
16
23
23
1
23
31
4
14
16
4
35
4
10
15
23
6
21
16
22
22
7
2
18
1
1
9
10
21
13
14
10
17
20
24
17
8
10
11
30
18
13
12
20
13
1
4
25
7
26
29
14
18
8
17
19
8
53
12
21
18
22
1
19
7
3
3
17
3
20
6
16
7
34
22
13
11
28
7
14
6
11
19
9
26
10
7
14
43
5
14
1
11
12
5
30
19
2
22
2
13
10
37
6
9
13
31
7
5
19
12
9
5
4
27
4
23
11
6
11
22
7
4
3
4
5
34
34
26
4
11
8
8
1
14
13
5
4
4
29
7
7
11
13
14
13
17
30
6
6
38
28
1
25
15
13
7
13
24
2
4
28
7
1
16
6
21
12
9
11
18
10
16
17
17
6
14
5
19
7
8
14
36
4
2
18
8
23
2
3
15
14
41
