11
14
27
11
1
5
37
8
3
22
28
10
4
12
15
6
9
35
8
9
2
2
2
23
32
26
22
16
12
1
7
31
33
7
26
12
4
20
3
20
13
6
19
32
9
17
4
2
18
5
17
63
26
21
20
4
1
2
24
4
31
12
5
1
35
33
21
21
31
2
20
25
39
19
26
28
15
10
15
3
6
3
3
19
35
23
41
39
24
3
29
3
19
29
9
23
15
24
2
8
10
31
15
25
58
35
16
15
4
13
22
28
28
5
7
9
2
2
14
16
2
22
32
10
36
9
13
7
8
29
11
8
27
50
9
35
31
5
28
8
6
29
26
2
24
15
15
53
8
2
11
22
17
29
5
19
7
10
11
11
42
10
12
1
4
19
20
18
16
58
10
9
5
22
3
29
42
3
4
9
21
1
13
54
14
17
1
24
8
14
23
19
22
12
16
51
25
21
3
10
30
8
10
11
11
5
16
6
16
6
8
5
42
13
34
7
46
15
23
5
21
19
10
22
15
4
16
26
28
13
8
30
4
17
39
23
8
2
18
13
12
41
7
1
3
2
2
