10
8
5
19
13
17
11
11
3
3
25
2
17
9
29
6
31
27
9
3
16
15
22
9
12
13
10
25
15
17
7
20
3
5
17
4
1
21
8
8
9
27
14
7
2
21
3
11
3
1
26
2
14
12
30
34
7
18
39
26
4
46
30
21
18
24
14
3
2
32
31
4
25
5
4
35
40
31
53
5
32
7
1
19
22
34
10
16
8
8
13
17
6
13
17
27
10
1
5
14
17
9
3
2
8
17
27
5
14
11
9
12
22
10
28
5
30
8
31
14
40
9
11
6
7
21
19
30
30
4
1
7
31
13
18
28
25
30
5
2
2
15
4
11
14
12
3
11
3
11
12
7
36
4
4
11
19
6
1
12
5
19
10
4
27
84
1
17
11
9
20
10
8
18
39
6
2
10
1
2
6
1
7
1
19
10
12
18
11
15
13
1
13
6
8
13
16
7
26
11
14
16
7
9
1
14
16
2
3
9
12
10
9
34
16
12
2
14
5
6
4
1
8
8
19
17
16
23
7
30
1
3
15
3
14
4
