   3.1357895e+01
   7.2663240e+01
   8.3304733e+00
   4.9900552e+01
   5.1934050e+01
   5.9177080e+01
   2.2149131e+01
   1.6271830e+01
   1.0722946e+02
   5.7305670e+01
   4.0885680e+01
   3.6358044e+01
   7.3687096e+01
   1.5809293e+01
   3.0345502e+01
   6.1434291e+00
   6.8602956e+01
   2.7393603e+01
   2.4490035e+01
   5.4318076e+01
   5.1969522e+01
   3.3050291e+01
   4.4836672e+01
   5.6799526e+01
   2.4680188e+01
   9.1745071e+01
   6.3110762e+01
   7.6539431e+01
   5.2624119e+01
   1.8917886e+01
   3.8106292e+01
   1.5207924e+01
   1.7681258e+01
   2.9356064e+01
   3.5160813e+01
   5.0313248e+01
   2.5801088e+01
   3.2603924e+01
   1.7908961e+00
   4.8335307e+01
   3.5560210e+01
   2.7532791e+01
   7.1413282e+01
   4.5751911e+01
   3.0093702e+01
   2.5383845e+01
   1.6480215e+01
   5.0787165e+01
   3.6234967e+01
   2.8630615e+01
   3.9389102e+01
   7.4672960e+01
   5.7060169e+00
   8.9928697e+01
   6.6578912e+01
   2.9719428e+01
   7.5005980e+01
   3.7664319e+01
   6.9927901e+01
   1.9319741e+01
   2.1059598e+01
   2.2833297e+01
   4.1201007e+01
   5.6144109e+01
   3.1386425e+01
   5.6240243e+01
   2.6026100e+00
   1.5168078e+01
   2.6616419e+01
   2.5225909e+01
   3.2172595e+01
   4.4642467e+01
   4.0655646e+01
   3.0122823e+01
   4.3502134e+01
   9.0454674e+00
   6.5103711e+01
   3.5972600e+01
   3.8704683e+01
   2.3144679e+01
   8.5591387e+00
   3.3909367e+01
   1.8610003e+01
   4.6430845e+01
   2.3770855e+01
   4.2188790e+01
   4.0423769e+01
   8.3392255e+01
   5.6570749e+00
   2.9120612e+00
   4.9953016e+00
   3.5042563e+01
   7.6045911e+01
   2.6062903e+01
   3.8591661e+01
   2.6071246e+00
   7.8516408e+01
   4.0307281e+01
   7.0085504e+01
   8.1132195e+01
   4.7212779e+01
   8.3264313e+01
   4.7500900e+01
   4.5950785e+01
   7.2197424e+01
   4.9450364e+01
   4.2013098e+01
   8.5946447e+01
   5.7895125e+01
   3.8873957e+01
   4.4665527e+01
   5.4690387e+01
   7.4188090e+00
   9.4130299e+01
   3.1876525e+01
   2.9732359e+01
   2.3164410e+01
   4.8178960e+01
   9.1486651e+01
   7.8888120e+01
   7.8243905e+01
   4.4745529e+01
   4.6366952e+01
   3.6236295e+01
   6.5797495e+01
   8.4817903e+00
   2.7000451e+01
   2.5976264e+01
  -1.4597772e+00
   6.5223598e+01
   5.1292507e+01
   4.9425625e-02
   6.1988910e+01
   2.6432142e+01
   3.2607343e+01
   6.2539244e+01
   4.1213573e+01
   5.1297538e+01
   4.3118023e+01
   4.1610351e+01
   3.1920554e+01
   8.5020857e+01
   7.9423612e+00
   4.1814133e+01
   7.9165029e+00
   5.9673420e+01
   2.4998595e+01
   4.5144703e+01
   3.5185674e+01
   4.9036443e+01
   1.6834169e+01
   4.2489656e+01
   1.0332691e+02
   5.9664092e+01
   7.8812293e+01
   3.7492972e+01
   6.4272531e+01
   5.2955916e+01
   7.5442774e+01
   5.8871670e+01
   2.7137422e+01
   2.0557302e+01
   2.5159419e+01
   1.9939380e+01
   1.5594618e+01
   4.9978365e+01
   1.8067092e+01
   3.6822135e+01
   1.5525316e+01
   3.0678824e+01
   1.5247153e+01
   1.9503673e+01
   6.4491978e+01
   4.0498189e+01
   4.8001101e+01
   1.6578213e+01
   8.4977843e+01
   4.7594627e+01
  -9.1066735e+00
   7.8012423e+01
   6.5999309e+01
   5.0637708e+01
   5.0046128e+01
   4.0031401e+00
   8.3910827e+01
   4.5384515e+00
   6.8897660e+01
   5.6143384e+01
   3.9951757e+01
   2.6986802e+00
   4.0643513e+01
   6.4937099e+01
   6.3448916e+01
   9.4230398e+01
   6.9840329e+01
   6.4272061e+01
   7.0652812e+01
   2.5748153e+01
   8.3192074e+01
   5.1400527e+01
  -1.0866992e+01
   5.6693437e+01
   9.1755983e+01
   1.0446498e+01
   9.4292420e+01
   1.6873248e+01
   4.4421579e+01
   5.0108789e+01
   4.2542322e+01
   6.7701952e+01
   2.6356835e+01
   4.9726522e+01
   3.5121679e+01
   1.8096213e+01
   3.3886634e+01
   3.1375264e+00
   4.5135274e+01
   5.0002849e+01
   7.1603976e+00
   8.0260313e+01
   2.0336896e+01
   2.6593503e+01
   3.6190282e+01
   1.1145509e+02
   3.2991212e+01
   8.0333392e+00
   7.7230888e+01
   2.5319672e+01
   1.9670453e+01
   4.2848023e+01
   8.3177397e+01
   2.2807576e+01
   3.9458905e+01
   7.3627635e+01
   4.0446406e+01
   4.3629771e+01
   4.6606096e+01
   2.5539038e+01
   2.8890486e+01
   6.6818400e+01
   6.3720402e+01
   7.5813117e+01
   7.9449262e+01
   9.8337905e+00
   6.2710948e+01
   3.0976118e+01
   3.3299895e+01
   6.9966920e+01
   1.8675031e+01
   5.2861513e+01
   6.3777805e+01
   7.4236209e+01
   9.6959106e-01
   4.7968719e+01
  -2.6394342e+00
   3.2998121e+01
   7.1749550e+00
   2.3698351e+01
   1.1958449e+01
   5.0311445e+01
   1.5496233e+01
   7.2673799e+01
   6.0274969e+01
   4.9224870e+01
   4.7304401e+01
   2.6376455e+01
   5.7142547e+00
   5.1722575e+01
   3.2192118e+01
  -6.2645307e+00
   5.1595769e+01
   4.2310801e+01
