   3.6888075e+01
   6.3381448e+01
   1.7065910e+01
   5.7476457e+01
   5.5130193e+01
   6.4334016e+01
   3.2037246e+01
   1.2633572e+01
   9.6065701e+01
   5.6943259e+01
   4.7869414e+01
   3.7487401e+01
   6.3256374e+01
   1.8145334e+01
   3.1914601e+01
   2.3489774e+01
   6.0183907e+01
   2.8604732e+01
   2.8703266e+01
   4.0348414e+01
   5.6203453e+01
   3.2752145e+01
   6.1047934e+01
   5.9431142e+01
   3.7683613e+01
   7.8651221e+01
   5.7441596e+01
   7.0475494e+01
   4.8529632e+01
   1.8839766e+01
   4.3697084e+01
   3.0143889e+00
   3.3778078e+01
   2.7354553e+01
   3.0664728e+01
   4.9913406e+01
   2.5582777e+01
   4.0509227e+01
   1.3764639e+01
   4.7150727e+01
   4.2420998e+01
   3.8151332e+01
   6.5454847e+01
   4.8421137e+01
   3.3616270e+01
   3.1614116e+01
   2.0896100e+01
   4.7461860e+01
   4.4980516e+01
   3.1469290e+01
   3.7779517e+01
   7.7037627e+01
   1.1991052e+01
   8.3947171e+01
   5.8816700e+01
   3.7418169e+01
   7.1965857e+01
   4.1817526e+01
   6.9324859e+01
   9.3005533e+00
   2.6632757e+01
   2.2960768e+01
   3.7706743e+01
   4.9657249e+01
   4.2660461e+01
   5.7314285e+01
   1.3886650e+00
   3.2295325e+01
   2.6338738e+01
   3.7707066e+01
   4.4883049e+01
   5.6702650e+01
   4.1253917e+01
   4.3377444e+01
   6.2304029e+01
   1.7096280e+01
   6.1808736e+01
   3.7492877e+01
   3.5201357e+01
   3.0986553e+01
   1.8973130e+01
   1.7187593e+01
   1.8889889e+01
   5.3910781e+01
   2.1674448e+01
   3.9546387e+01
   6.2812467e+01
   7.5073967e+01
   5.4410657e+00
   1.2122839e+01
   1.3896838e+01
   3.8048295e+01
   7.7402301e+01
   3.2066283e+01
   3.9506066e+01
   1.2377035e+01
   7.0641684e+01
   4.6042016e+01
   7.2161439e+01
   6.7987721e+01
   4.8414371e+01
   7.7211194e+01
   5.0093911e+01
   4.6818575e+01
   6.6365280e+01
   5.3654274e+01
   4.2160504e+01
   7.6157125e+01
   5.3096164e+01
   3.7184778e+01
   4.2747326e+01
   5.4742100e+01
   1.6388580e+01
   8.7097884e+01
   4.5044646e+01
   3.2835037e+01
   2.1018120e+01
   4.9522205e+01
   8.6769579e+01
   8.3407395e+01
   7.4085599e+01
   5.5612435e+01
   4.7093138e+01
   4.4773555e+01
   6.9539830e+01
   3.3032618e+00
   3.1305479e+01
   4.2862669e+01
  -3.5213090e+00
   6.1927988e+01
   4.1925240e+01
  -5.6791200e+00
   6.2098888e+01
   3.7729020e+01
   3.8254536e+01
   6.5472697e+01
   4.3324759e+01
   4.7862571e+01
   3.8900360e+01
   3.4229453e+01
   3.8453636e+01
   8.1540569e+01
   1.4282288e+01
   4.8682253e+01
   1.6268093e+01
   6.5765506e+01
   3.6638925e+01
   4.7538727e+01
   1.9990577e+01
   4.1726218e+01
   1.5641958e+01
   3.4579267e+01
   9.7156103e+01
   5.4430503e+01
   7.9281290e+01
   4.6114343e+01
   7.3146820e+01
   5.6971771e+01
   6.9623562e+01
   6.2381431e+01
   3.5535089e+01
   2.8230468e+01
   2.9076816e+01
   2.9053267e+01
   1.5987504e+01
   5.2645926e+01
   2.0879132e+01
   3.9040194e+01
   1.7616039e+01
   3.7427608e+01
   1.7128435e+01
   2.7215385e+01
   6.5621004e+01
   4.4003208e+01
   5.1593568e+01
   1.3606919e+01
   7.8514681e+01
   4.8511302e+01
   4.9762718e+00
   6.7974794e+01
   6.7399558e+01
   5.7247351e+01
   4.7894428e+01
   1.3849110e+01
   7.4150256e+01
   1.6108055e+01
   6.9419588e+01
   4.9609945e+01
   3.2448908e+01
   1.6386231e+01
   5.2083006e+01
   6.7497675e+01
   5.6133991e+01
   8.2944691e+01
   7.5252042e+01
   6.9491745e+01
   7.5473719e+01
   3.1396358e+01
   7.6462899e+01
   5.0409843e+01
  -1.2450796e+00
   4.9422671e+01
   7.5603586e+01
   1.4908987e+01
   9.0932980e+01
   1.1939468e+01
   4.8417065e+01
   5.2229389e+01
   3.9967304e+01
   6.8449255e+01
   3.0050755e+01
   4.6242115e+01
   3.6874823e+01
   1.0219004e+01
   4.8425138e+01
  -9.2561654e+00
   4.6041776e+01
   5.6279965e+01
   1.0230971e+01
   7.4755302e+01
   3.8858154e+01
   3.1613462e+01
   4.2953440e+01
   9.9061134e+01
   4.9147870e+01
   1.5480896e+01
   7.3536884e+01
   3.2368083e+01
   3.4352795e+01
   3.7072727e+01
   8.7424410e+01
   2.9376539e+01
   3.7962493e+01
   7.0846057e+01
   4.5530006e+01
   4.7056434e+01
   4.8588511e+01
   2.5844983e+01
   3.9363767e+01
   6.8237872e+01
   5.9903768e+01
   7.5000460e+01
   7.9132038e+01
   1.7434704e+01
   6.2346590e+01
   2.7947036e+01
   3.4218341e+01
   6.6840949e+01
   2.5946421e+01
   6.1363831e+01
   6.7743770e+01
   7.4396674e+01
  -7.9756582e-01
   6.0781914e+01
  -1.6992642e+01
   3.9570831e+01
   1.9531145e+01
   2.8766614e+01
   2.0786692e+01
   5.7760465e+01
   2.9864700e+01
   6.2443826e+01
   6.7551863e+01
   5.4448623e+01
   4.7120592e+01
   2.8463856e+01
   5.5608160e+00
   4.5468765e+01
   3.3810794e+01
   1.0196257e+01
   4.4756935e+01
   4.6758191e+01
