   4.0637267e+01
   6.2300316e+01
   2.3730355e+01
   5.7970916e+01
   5.8594299e+01
   6.5193584e+01
   3.6314509e+01
   1.1429113e+01
   9.9927956e+01
   5.8801756e+01
   4.7357777e+01
   4.3815240e+01
   6.8527482e+01
   2.2777657e+01
   3.4499937e+01
   2.8321622e+01
   6.3496789e+01
   2.7638907e+01
   2.9891381e+01
   4.7131479e+01
   5.7604624e+01
   2.8401428e+01
   5.9009181e+01
   6.2968393e+01
   3.9985316e+01
   8.6216486e+01
   6.3893376e+01
   7.3416521e+01
   5.0520088e+01
   2.2759260e+01
   4.8390667e+01
   1.4113902e+01
   4.0115514e+01
   3.2129166e+01
   3.8649191e+01
   5.4434796e+01
   2.5840538e+01
   4.9954927e+01
   1.8407470e+01
   5.0473256e+01
   4.4103790e+01
   4.2071573e+01
   6.9205258e+01
   5.0390782e+01
   3.7823266e+01
   3.4776111e+01
   2.7224103e+01
   5.0134207e+01
   3.7958242e+01
   4.2372876e+01
   7.7854804e+01
   8.4275860e+01
   6.3414626e+01
   4.1245288e+01
   7.1092395e+01
   3.7215065e+01
   7.3126925e+01
   3.2481660e+01
   4.2073533e+01
   5.1423059e+01
   4.4224011e+01
   5.3746875e+01
   6.7414423e+00
   3.5191862e+01
   2.5131474e+01
   3.9085409e+01
   4.8798979e+01
   5.8962131e+01
   4.4349608e+01
   4.4519750e+01
   6.3799756e+01
   2.3907924e+01
   6.7193542e+01
   3.8666547e+01
   3.1769308e+01
   1.5024903e+01
   2.3957471e+01
   6.0113963e+01
   2.5642218e+01
   6.1385227e+01
   7.8576153e+01
   1.7024516e+01
   1.8772855e+01
   4.2692682e+01
   7.8213763e+01
   3.5911451e+01
   4.3234794e+01
   1.9140791e+01
   7.2121569e+01
   4.6772070e+01
   7.3302666e+01
   7.3296963e+01
   5.2828054e+01
   8.0514375e+01
   5.4244466e+01
   5.0849073e+01
   6.7975513e+01
   5.7167757e+01
   4.4880661e+01
   7.5377708e+01
   5.8085866e+01
   4.6934915e+01
   5.8150041e+01
   1.9833718e+01
   8.8693963e+01
   4.7231794e+01
   3.5458101e+01
   2.2886132e+01
   5.2958716e+01
   9.0888255e+01
   8.3111092e+01
   7.5302531e+01
   5.5136806e+01
   5.1864248e+01
   4.5347609e+01
   7.2970639e+01
   3.8248878e+00
   3.6359167e+01
   4.4959415e+01
   1.6437370e+01
   5.8426362e+01
   4.0097663e+01
   1.0680011e+01
  -3.4018195e+00
   6.1169225e+01
   3.8062200e+01
   4.1553008e+01
   7.0451031e+01
   4.6779145e+01
   4.7940735e+01
   4.2062961e+01
   4.0403377e+01
   8.8108917e+01
   1.9049231e+01
   4.8868884e+01
   1.9239010e+01
   6.5386173e+01
   3.9379595e+01
   5.0362430e+01
   2.9971046e+01
   4.2624609e+01
   1.5334454e+01
   3.6800523e+01
   9.9695492e+01
   5.7983132e+01
   7.7419286e+01
   4.5827325e+01
   7.4743173e+01
   5.8659420e+01
   7.2243948e+01
   6.3230606e+01
   4.0134333e+01
   3.5130018e+01
   3.2338124e+01
   3.4785860e+01
   2.0387708e+01
   5.2106568e+01
   2.7864497e+01
   4.0385321e+01
   2.4319079e+01
   3.2077791e+01
   6.2751260e+01
   4.8447333e+01
   5.7562853e+01
   1.9191518e+01
   8.1812439e+01
   5.2701998e+01
   9.6937641e+00
   7.2968149e+01
   6.7295779e+01
   5.9225925e+01
   4.5470042e+01
   1.9175276e+01
   7.9677659e+01
   1.9916571e+01
   7.1427710e+01
   5.7130113e+01
   3.5789616e+01
   1.8502199e+01
   5.3261154e+01
   6.6737277e+01
   5.6720470e+01
   8.8686385e+01
   7.3193398e+01
   6.7797824e+01
   7.7214586e+01
   3.3345883e+01
   7.8185235e+01
   4.7116453e+01
   4.9914665e+01
   7.7755818e+01
   1.8907492e+01
   9.4941743e+01
   1.9112590e+01
   4.7957504e+01
   5.4674324e+01
   6.7701513e+01
   3.3216852e+01
   4.6090842e+01
   4.0569963e+01
   1.0638046e+01
   4.6733104e+01
  -5.1026053e-01
   4.9125906e+01
   5.5230800e+01
   1.8659832e+01
   7.8901086e+01
   4.1392528e+01
   3.6040494e+01
   4.9694740e+01
   1.0497080e+02
   5.1551206e+01
   2.2555650e+01
   7.7455951e+01
   3.0392292e+01
   3.6188230e+01
   3.6700942e+01
   8.8227944e+01
   3.4835278e+01
   3.9665104e+01
   7.1792406e+01
   4.9474524e+01
   5.3275553e+01
   4.9716034e+01
   3.3385546e+01
  -4.2238252e+00
   4.4460907e+01
   6.7273884e+01
   6.1068682e+01
   7.8261653e+01
   8.1159345e+01
   2.2152638e+01
   6.3823133e+01
   3.4577602e+01
   3.7755174e+01
   7.1478799e+01
   3.0988042e+01
   6.2505849e+01
   6.7213024e+01
   7.6632387e+01
   7.1252601e-01
   6.2671567e+01
   3.9726209e+01
   2.5600729e+01
   3.6875697e+01
   2.6259957e+01
   5.6328898e+01
   3.1745694e+01
   6.5497265e+01
   6.6824781e+01
   5.9666257e+01
   4.9139488e+01
   3.4248801e+01
   4.3975453e+01
   3.5767224e+01
   1.2715805e+01
   4.7209790e+01
   4.6165407e+01
