15
18
16
4
5
9
11
8
22
21
31
15
10
12
10
3
23
16
11
25
9
1
1
1
16
23
38
6
6
53
15
10
5
8
19
20
23
11
2
17
5
10
16
21
5
29
31
30
3
18
11
15
16
7
41
3
11
23
17
3
3
1
54
4
3
14
5
18
5
11
12
10
11
10
11
20
43
12
14
24
4
20
5
2
14
30
6
3
29
13
8
8
17
8
14
28
4
23
24
16
13
5
20
6
5
2
5
22
24
19
15
2
14
8
7
47
22
35
29
67
18
17
11
22
3
12
12
5
6
4
34
8
19
18
14
13
20
3
3
14
26
19
39
63
52
7
6
19
8
3
7
2
5
17
3
24
10
20
4
62
11
14
33
31
13
46
12
10
22
52
24
13
20
4
18
18
3
38
16
14
24
8
5
5
6
21
32
25
2
47
42
23
8
2
10
25
3
25
4
28
