14
22
5
9
14
1
1
13
22
5
26
16
12
17
6
3
12
30
3
20
35
2
11
2
18
37
12
30
42
5
26
18
23
67
74
30
24
10
25
41
4
8
23
8
13
1
35
18
28
4
8
60
47
29
12
31
8
55
12
26
33
10
7
10
25
6
41
27
2
2
36
28
14
14
42
31
5
6
11
17
7
14
24
10
6
3
20
23
45
8
20
1
36
6
19
2
21
8
15
33
30
17
24
11
28
26
16
7
17
38
4
16
33
18
18
10
13
21
16
13
6
13
46
7
5
7
49
9
62
8
2
31
31
12
28
8
8
11
15
63
29
12
5
24
12
10
4
10
2
7
1
39
10
14
8
7
28
5
21
34
12
14
16
2
14
2
10
21
41
7
20
18
22
7
24
41
9
27
49
8
2
3
32
9
1
11
3
12
1
18
11
14
13
14
28
27
24
21
18
17
7
8
2
2
12
18
12
4
32
6
15
34
17
35
14
10
13
8
23
26
19
3
10
44
26
17
11
31
2
15
10
1
5
19
3
7
2
27
7
16
4
7
15
26
31
1
9
2
66
19
2
12
18
34
