39
15
10
18
50
27
73
22
16
22
9
13
9
11
10
10
18
7
12
16
60
13
12
22
27
11
11
18
9
15
5
8
3
13
35
32
3
7
2
23
22
9
13
6
5
2
3
29
46
16
75
10
3
6
9
15
25
8
35
36
16
2
4
7
33
23
4
4
11
6
12
14
31
25
22
10
6
9
8
38
43
1
33
29
27
7
11
16
7
9
21
17
18
8
7
26
16
19
31
5
6
3
15
19
32
49
10
14
22
4
23
43
1
11
17
25
74
4
17
22
18
13
45
7
20
8
2
9
12
8
28
11
13
7
37
6
13
11
32
41
30
14
9
2
3
10
2
2
14
31
53
32
32
35
13
2
19
13
11
35
14
13
15
20
36
3
18
4
3
18
30
25
9
3
24
20
2
20
15
27
11
13
13
16
4
6
13
19
10
7
37
15
28
2
40
36
13
26
13
5
18
22
4
2
20
26
18
14
36
5
14
1
6
32
4
5
2
64
4
4
17
11
2
18
8
3
21
1
27
18
24
17
11
12
21
13
9
22
12
21
4
