49
57
11
5
10
2
9
6
10
15
7
10
18
1
16
7
45
8
5
22
3
12
29
1
11
2
7
4
39
1
25
35
31
10
11
12
27
5
21
1
6
6
34
34
16
5
23
9
22
13
19
27
27
40
12
1
12
16
4
19
31
37
29
18
8
3
13
24
14
26
33
4
1
2
48
20
19
20
24
14
12
19
21
14
21
19
8
12
7
11
4
22
14
8
12
19
10
10
6
6
30
46
39
32
30
4
9
29
34
22
1
8
25
21
28
27
9
4
56
44
2
20
58
7
8
22
14
26
18
12
8
28
10
4
18
32
6
7
42
30
3
8
1
10
11
10
6
4
18
15
18
13
10
45
7
17
6
32
15
9
10
2
46
11
14
9
2
2
22
18
6
22
18
10
10
10
11
18
29
1
14
11
12
18
24
9
5
18
6
18
9
34
22
5
25
22
14
16
44
21
12
32
8
4
38
18
47
17
1
28
2
5
15
16
32
25
6
3
16
5
6
2
28
7
20
32
32
28
13
