8
19
2
6
2
16
5
7
20
2
35
11
3
16
27
13
20
35
28
5
10
8
31
30
33
17
9
8
13
87
19
6
29
12
8
3
3
1
3
10
31
8
10
28
3
1
17
6
10
25
23
16
3
2
5
7
56
43
23
10
12
22
58
24
11
13
14
25
14
1
9
11
27
39
2
3
64
31
5
61
34
19
16
8
16
1
32
26
6
8
7
27
6
18
1
4
1
30
3
20
13
8
5
3
6
32
5
10
7
7
15
15
24
1
14
2
13
3
28
25
13
45
11
35
19
2
12
4
8
8
14
18
18
5
26
2
2
40
34
11
11
13
19
3
26
14
34
3
20
10
26
41
19
5
7
8
23
11
10
27
7
11
2
6
11
7
11
4
37
3
8
23
10
6
6
5
10
3
14
19
14
21
2
51
16
22
3
28
5
13
9
5
1
14
13
7
27
3
11
15
33
39
6
2
24
10
56
6
10
5
5
35
15
4
13
20
12
56
16
14
12
1
12
52
10
19
12
17
24
11
2
5
34
17
10
6
3
11
5
10
15
13
18
8
39
17
33
14
17
14
8
10
37
10
45
18
40
2
5
15
9
6
5
2
3
2
11
11
20
47
3
6
6
9
24
5
14
10
51
1
3
13
38
2
35
18
7
8
6
48
2
8
