23
65
7
4
21
1
1
9
12
15
6
20
12
13
7
24
15
35
2
14
22
17
19
12
2
36
19
2
33
6
15
13
34
45
29
18
20
29
32
19
16
5
12
37
8
20
29
1
59
82
12
28
29
29
25
26
5
36
3
4
18
38
28
25
2
29
41
6
4
7
26
11
2
43
36
32
1
27
3
6
9
24
10
17
3
21
1
11
51
18
36
6
8
20
7
11
1
3
28
19
8
13
9
43
46
9
6
21
21
23
31
20
11
7
40
14
37
15
14
4
4
7
22
26
29
11
20
1
19
7
14
42
24
10
10
25
10
14
11
47
5
12
43
22
1
11
21
13
53
1
4
22
45
28
14
28
13
15
6
25
9
1
20
30
4
17
4
13
4
1
25
39
21
22
26
4
14
8
3
34
2
15
67
37
12
8
10
43
17
7
10
7
16
34
42
31
24
18
1
31
15
7
21
12
22
4
21
20
4
33
6
29
1
17
32
18
21
6
33
35
4
1
13
24
4
31
6
22
24
26
22
20
32
38
5
8
11
9
20
12
19
13
17
9
5
39
9
19
21
8
25
22
17
7
41
20
12
8
3
