   4.2916609e+01
   1.4409822e+01
   4.5287797e+01
   6.9893192e+01
   3.4791462e+01
   7.4703971e+01
   1.3075816e+01
   7.0243300e+01
   4.2277060e+01
   6.1899378e+01
   2.8090732e+01
   5.1191933e+01
   6.3195205e+01
   7.5957665e+01
   7.1553986e+01
   5.0563665e+01
   1.7662808e+01
   3.2062322e+01
   4.0001585e+01
   1.1583437e+01
   4.3088314e+01
   7.2041722e+01
   1.0098896e+02
   4.1604369e+01
   7.5287311e+01
   2.6953153e+01
   7.2733906e+01
   1.5356786e+01
   6.0798837e+01
   5.0714813e+01
   4.0812408e+01
   6.8039439e+01
   4.1937735e+01
   6.8269933e+01
   4.1918171e+01
   6.3041780e+01
   3.3575247e+01
   4.6186379e+01
   3.0856320e+01
   1.1038520e+01
   8.2023476e+01
   5.0533071e+01
   5.3097716e+01
   7.4119875e+01
   4.3643196e+01
   3.7048319e+00
   7.1622446e+01
   7.2840094e+01
   8.4264540e+01
   4.7922613e+01
   7.7557575e+01
   3.2965833e+01
   6.8064621e+01
   4.2164218e+01
   2.2208175e+01
   5.8342889e+01
   4.7337646e+01
   4.3584032e+01
   5.4346399e+01
   2.5931451e+01
   3.8109041e+01
   1.3408319e+01
   7.5346717e+01
   3.5176787e+01
   2.2255744e+01
   3.9403253e+01
   1.6576021e+01
   3.1544704e+01
   3.4931775e+01
   4.8910259e+01
   6.2615163e+01
   1.4986434e+01
   6.7640683e+01
   8.0254725e+01
   4.1096463e+01
   1.4002714e+01
   1.7892635e+01
   3.8806890e+01
   5.5130986e+01
   3.5843915e+01
   6.3613818e+01
   3.1153064e+01
   6.5771384e+01
   6.3168497e+01
   5.1835320e+01
   1.6277605e+01
   6.3531387e+01
   5.8956451e+01
   4.4214610e+01
   7.6925351e+01
   3.0441558e+01
   2.9178750e+01
   6.7667529e+01
   2.8451011e+01
   7.3602822e+01
   5.3371929e+01
   3.4116448e+01
   9.9043848e+01
   5.9899516e+01
   4.3755191e+01
   3.5901571e+01
   1.0518194e+01
   3.8097802e+01
   2.8604587e+01
   1.1882198e+01
   6.1443034e+01
   1.9726633e+01
   8.8618125e+01
   6.4330591e+01
   5.7332133e+01
   1.0538735e+01
   7.1314538e+01
   5.1679657e+01
   6.7340698e+01
   4.2818201e+01
   3.8816373e+01
   3.4417150e+01
   3.7469231e+01
   8.6538927e+01
   5.6199108e+01
   4.4629656e+01
   5.1849403e+01
   2.9441740e+01
   6.1781180e+01
   1.4284493e+01
   2.0285146e+01
   6.2664735e+01
   5.3763326e+01
   5.6054569e+01
   2.5263477e+01
   6.2280142e+01
   3.5626577e+01
   4.1950468e+01
   5.4966883e+01
   8.2916798e+01
   1.2950865e+01
   7.7419161e+00
   6.6326150e+01
   5.7474949e+01
   2.5704366e+01
   4.0091240e+01
   7.2727936e+01
   5.5867201e+01
   2.6353909e+01
   4.7854726e+01
   2.3467253e+01
   6.6980665e+01
   5.1239948e+01
   3.0178306e+01
   7.5754442e+01
   4.5297938e+01
   4.7371344e+01
   4.3659083e+01
   4.8110197e+01
   4.8330702e+01
   3.0568863e+01
   4.9080125e+01
   4.7120324e+01
   6.0917774e+01
   7.1871340e+01
   6.0013287e+01
   1.7298390e+01
   3.2650844e+01
   3.7425646e+01
   2.6203070e+01
   4.6101892e+01
   3.0778182e+00
   4.9660458e+01
   5.0313160e+01
   4.0155751e+01
   8.3122281e+01
   2.8426590e+01
   5.8795139e+01
   6.2633224e+01
   6.1310667e+01
   3.2566984e+01
   3.4979374e+01
   4.2350726e+01
   5.1298181e+01
   7.5841657e+01
   5.2673124e+01
   4.9920321e+01
   4.6765471e+01
   8.5165274e+01
   3.8887216e+01
   1.6094328e+01
   6.6859193e+01
   2.6930583e+01
   3.8508697e+01
   6.9718793e+01
   7.4114387e+01
   2.5860364e+01
   2.6069756e+01
   6.3697289e+01
   5.9938269e+01
   2.1262207e+01
   3.9667369e+01
   5.2816941e+01
   8.0657810e+01
   4.6471070e+01
   4.5536651e+01
   2.4649979e+01
   4.2984272e+01
   8.3611295e+00
   9.8422459e+01
   3.9646408e+01
   2.8147543e+01
   1.9291137e+01
   5.7764476e+01
   8.2876844e+01
   7.5089586e+01
   2.5531808e+01
   6.3616001e+01
   1.3302792e+01
   1.4712374e+01
   4.2152439e+01
   5.1704973e+01
   2.2448443e+01
   5.8360910e+01
   6.3711387e+01
   4.2312457e+01
