   4.8936298e+01
   1.8507822e+01
   5.4490384e+01
   6.6669166e+01
   4.8598910e+01
   7.1671086e+01
   3.0617471e+01
   6.5663723e+01
   4.2637594e+01
   5.8370502e+01
   4.2019495e+01
   5.0184760e+01
   6.0214951e+01
   6.7475622e+01
   6.8560990e+01
   4.8850638e+01
   3.2214660e+01
   4.0740294e+01
   4.0344594e+01
   2.6257214e+01
   5.9372476e+01
   6.7180736e+01
   8.2595057e+01
   4.7626250e+01
   7.4702098e+01
   3.5581071e+01
   6.1612330e+01
   2.7807054e+01
   7.1309377e+01
   5.7244937e+01
   5.8808922e+01
   7.1035667e+01
   4.1330784e+01
   6.3842494e+01
   4.8619598e+01
   6.9593631e+01
   3.8747278e+01
   4.6129557e+01
   3.7218917e+01
   2.7520434e+01
   6.9058736e+01
   5.8993269e+01
   5.7585478e+01
   6.9623360e+01
   5.0443901e+01
   1.9654387e+01
   6.7533300e+01
   7.0883958e+01
   7.6768012e+01
   5.4263981e+01
   7.9496497e+01
   4.2493628e+01
   6.1676371e+01
   5.1906282e+01
   3.1147345e+01
   5.8665105e+01
   6.0344584e+01
   5.3929792e+01
   6.0825794e+01
   3.9857980e+01
   5.1501439e+01
   2.2371881e+01
   7.1099980e+01
   4.5972043e+01
   3.5269810e+01
   3.7458264e+01
   2.9949226e+01
   4.2602045e+01
   5.0007881e+01
   5.1234890e+01
   5.9752644e+01
   2.8404556e+01
   5.9655622e+01
   7.2748536e+01
   5.0254889e+01
   2.4181039e+01
   2.7956926e+01
   3.9573502e+01
   5.4183288e+01
   5.3991290e+01
   5.8154652e+01
   4.0775931e+01
   6.4742362e+01
   6.1968459e+01
   5.4670930e+01
   3.1082218e+01
   6.3027410e+01
   5.8790620e+01
   4.6226037e+01
   7.2166226e+01
   4.6160239e+01
   3.8399661e+01
   5.9528184e+01
   3.7150674e+01
   7.2851355e+01
   6.2493408e+01
   4.3550850e+01
   8.5584230e+01
   6.1996374e+01
   4.7089728e+01
   4.4874762e+01
   2.6697986e+01
   4.6179828e+01
   3.9417695e+01
   2.3316261e+01
   6.1767625e+01
   2.7521838e+01
   8.1455491e+01
   6.5343083e+01
   5.3705883e+01
   1.9575100e+01
   6.8504097e+01
   5.8418971e+01
   6.9098288e+01
   4.4328886e+01
   4.2400251e+01
   4.3562321e+01
   4.4969290e+01
   7.7933878e+01
   5.4440582e+01
   4.9166932e+01
   4.8123557e+01
   3.9065082e+01
   6.2639846e+01
   2.2996808e+01
   2.8915205e+01
   6.7322332e+01
   6.1057945e+01
   5.8655252e+01
   3.4069587e+01
   6.7568936e+01
   4.5476381e+01
   4.5061229e+01
   5.4929774e+01
   7.1353606e+01
   2.4556695e+01
   2.2783685e+01
   7.2958028e+01
   6.2916329e+01
   3.7395923e+01
   4.8876550e+01
   6.7567332e+01
   5.5147284e+01
   3.9444237e+01
   4.9461896e+01
   3.4290807e+01
   6.2610638e+01
   5.8985540e+01
   3.7567686e+01
   6.7891169e+01
   4.0625698e+01
   5.2207662e+01
   5.6467852e+01
   5.5880639e+01
   5.6977417e+01
   3.9233214e+01
   5.8449415e+01
   5.0884903e+01
   6.2684628e+01
   6.4226643e+01
   6.2105735e+01
   2.8983878e+01
   3.4437651e+01
   5.0397472e+01
   3.3811824e+01
   5.2758238e+01
   9.0119501e+00
   4.2437119e+01
   4.7650206e+01
   4.5690040e+01
   7.5214440e+01
   3.6286871e+01
   5.3511581e+01
   5.9850302e+01
   6.0491391e+01
   3.3650279e+01
   4.4780634e+01
   4.9352463e+01
   5.6641493e+01
   7.2248989e+01
   5.5393783e+01
   6.0209620e+01
   5.7448930e+01
   8.3520742e+01
   4.9143143e+01
   2.6422811e+01
   6.9033278e+01
   3.4484907e+01
   4.6917343e+01
   6.9950831e+01
   6.3440816e+01
   2.8319846e+01
   4.0828150e+01
   6.5845717e+01
   6.1243923e+01
   4.0411957e+01
   4.4312806e+01
   5.9576175e+01
   8.3250135e+01
   5.8691454e+01
   4.7891904e+01
   3.7191294e+01
   5.3216734e+01
   1.6297643e+01
   9.0074930e+01
   4.2889293e+01
   4.0359151e+01
   3.3545266e+01
   5.3754909e+01
   7.5358404e+01
   7.0702933e+01
   3.7972479e+01
   6.0791008e+01
   2.5115808e+01
   3.4065754e+01
   5.5153416e+01
   5.4256758e+01
   3.2788913e+01
   6.0549590e+01
   5.9615058e+01
   5.4908084e+01
