38
42
39
71
34
9
3
14
43
20
6
3
13
16
15
4
41
3
22
2
5
12
11
44
15
34
6
30
1
2
2
11
6
6
28
1
6
4
11
13
29
29
4
4
10
23
19
20
7
5
8
28
9
2
10
48
24
5
48
17
6
7
2
18
30
34
15
3
17
8
3
10
15
33
11
16
5
4
6
33
14
5
14
5
1
20
8
6
6
38
1
12
16
32
12
11
17
41
50
11
26
6
50
33
1
5
10
41
13
14
1
20
19
6
47
3
12
2
14
2
12
29
19
26
2
2
10
4
2
19
7
6
6
28
55
4
2
47
28
8
10
7
25
31
1
29
18
50
21
5
2
7
2
11
8
3
24
27
5
13
43
3
4
7
10
10
24
12
6
16
1
15
14
12
2
3
13
10
7
38
11
8
22
43
4
36
3
9
11
3
9
7
19
48
7
41
55
10
1
2
3
45
4
25
4
13
8
9
16
20
11
37
8
8
6
38
22
3
20
2
16
18
5
33
8
7
10
22
13
7
8
4
18
27
15
11
14
6
17
49
8
9
2
14
31
4
14
9
13
27
5
6
35
29
6
15
22
25
52
24
9
8
1
14
14
