28
11
6
6
14
34
3
25
8
16
8
3
5
6
6
4
3
19
4
57
17
4
13
20
23
6
23
4
28
11
16
8
45
34
32
5
21
2
13
36
6
23
38
16
31
7
31
11
31
29
16
7
23
17
4
28
30
2
21
29
7
18
16
13
11
23
60
29
14
22
45
11
45
13
3
59
35
18
29
36
10
10
12
43
22
6
23
37
2
15
43
1
12
42
34
15
35
3
8
13
3
15
30
34
12
2
30
27
45
35
26
26
37
19
26
21
2
32
10
27
14
29
32
11
3
3
30
40
16
17
19
6
1
21
9
27
19
44
29
6
13
3
24
20
4
37
14
14
14
13
30
5
23
30
25
18
22
17
10
16
9
14
27
18
7
41
44
35
4
28
5
1
23
20
47
11
21
38
9
7
6
9
7
33
15
36
1
11
24
1
18
16
3
9
12
4
13
21
6
33
32
22
9
17
31
46
3
13
11
5
1
30
4
15
27
38
8
29
4
8
7
3
5
1
5
20
2
8
22
28
18
16
54
25
29
2
2
41
4
4
30
3
14
2
5
31
30
18
35
8
16
16
3
9
18
48
16
35
29
19
39
32
25
3
52
32
25
9
10
17
11
18
7
12
30
20
10
17
7
45
29
12
9
20
1
29
1
11
19
39
22
29
48
7
32
21
42
8
7
31
7
39
23
3
26
38
3
11
4
14
10
13
14
35
14
20
1
8
28
4
5
16
31
51
22
9
24
44
17
34
18
31
31
2
44
29
18
23
6
19
42
1
7
51
33
37
10
37
6
7
33
15
