  -6.7209768e+01
  -1.3171189e+00
  -1.3988202e+00
   1.1923387e+01
   1.4621120e+01
  -3.7933418e+01
   2.9462208e+01
  -3.0878735e+01
   3.1338103e+01
  -1.4253978e+01
  -1.5644020e+01
   2.9858221e+01
   1.3656303e+01
   1.9604035e+01
  -1.4874633e+01
  -6.0730138e+01
   1.6734073e+01
   2.6554050e+01
  -4.0406110e+01
   4.5621627e+01
  -5.6221532e+00
   1.6291770e+01
  -4.2652514e+01
   6.5216144e+00
  -3.2084124e+01
   2.7613751e+00
  -2.4213896e+01
   1.7101060e+01
   1.4699549e+01
  -1.8762186e+01
   9.0334845e+00
   2.5757604e+00
   2.9946163e+01
  -1.7914835e+01
  -9.8318286e+00
  -1.0847492e+01
  -3.8628555e+01
  -1.9704425e+01
   3.3693717e+01
  -4.0004692e+00
  -8.8617974e+00
   3.1738547e+01
  -2.5052505e+00
   3.4837601e+00
   1.2336937e+01
   5.4916729e+01
  -1.8457808e+01
  -1.7460017e+01
   2.6706767e+01
  -1.4788733e+00
  -1.9110283e+00
   7.7566608e+00
   2.7243758e+01
   1.3680958e+01
   3.6586683e+01
  -2.0585961e+01
   1.8886670e+01
  -3.1776531e+01
   1.3514325e+01
  -1.4267569e+01
   7.8220403e+00
  -3.7263728e+01
  -3.4954070e+01
   1.1122885e+01
  -2.3789610e+01
   9.5947475e+00
  -5.7286515e+00
   1.5934591e+01
  -1.6318840e+01
   1.6331951e+01
   2.9399539e+01
   3.4222304e+00
  -1.7465192e+01
  -2.2314510e+01
  -1.8388113e+01
   1.8901557e+01
  -1.9692042e+01
  -3.4021099e+00
   2.2270447e+01
  -1.4145805e+01
   1.8027471e+00
  -1.0870509e+01
   7.7482611e+00
  -1.1236001e+01
  -3.2761563e+00
   9.3970826e+00
  -3.7657781e+01
  -1.9108647e+01
  -1.2880961e+01
   3.0674632e+01
   4.2666083e+01
  -2.7355373e+01
   5.1430529e+01
   1.2780794e+01
   1.0737799e+01
   1.5090980e+01
  -1.1810592e+01
   2.2171581e+01
   9.4886593e-01
   2.9828920e+00
  -4.6413113e+01
   2.5991630e+01
   3.3950458e+01
  -7.1243855e+00
  -3.2352059e+01
  -4.4892136e+00
   2.0564349e+01
   2.1872588e+01
  -1.6953747e+01
  -2.0580829e+00
  -1.3476213e+01
  -3.9837553e+01
   3.4997098e+01
   1.0462392e+01
   3.0200030e+01
  -6.8892977e+00
  -1.9770598e+01
   2.8887016e+00
  -1.1263547e+01
  -1.8109969e+01
   2.3069254e+01
  -1.0291367e+01
   7.8761818e+00
  -4.8180307e+01
   6.6086205e+01
   4.2184154e+00
   2.2893223e+01
   5.9527169e+00
   1.5384125e+01
  -2.0414457e+01
   2.2414773e+01
   3.9917914e+01
   7.1102322e+00
   1.4364081e+01
  -5.1421371e+00
   1.0631330e+01
  -2.2281237e+00
  -2.7373622e+01
  -2.9091823e+01
  -2.4037450e+01
   7.0176606e+00
   7.1820808e+00
   2.6522094e+01
  -3.3734540e+01
   2.1038348e+01
   2.3365189e+01
  -5.1285434e+00
  -2.4571671e+01
  -1.2182084e+01
   1.0408690e+01
  -3.7597625e+01
   3.6032785e+01
   8.6013653e+00
   2.2547932e+01
  -2.6878251e+01
  -5.2581624e+00
   1.3193632e+01
  -3.4141081e+01
  -2.2517898e+01
  -6.0747543e+01
  -2.2975826e+01
  -4.9635127e+00
  -4.0246764e+01
   2.8999486e+01
  -6.1088051e+01
  -5.8574154e+00
  -1.8130897e+01
   1.2099741e+01
  -3.6039457e+01
   2.4607790e+01
   1.7573755e+01
  -7.0683194e+00
  -3.3024559e+00
   4.0407295e+01
  -7.8337275e+00
   3.0058608e+01
   1.5371721e+01
  -1.1524358e+01
   2.0857978e+01
  -2.2255308e+01
  -3.8174460e+00
   2.5230232e+01
   1.0372181e+01
  -6.4034709e+01
  -2.8203039e+00
   1.7196611e+01
   1.0678655e+01
   1.8230632e+01
  -1.1327538e+01
   5.7453311e+01
   1.7310087e+01
  -1.5758073e+01
  -3.0912660e+01
   1.3811139e+01
  -1.6178299e+01
   5.8302055e+01
  -8.2438423e+00
   1.6349793e+01
   8.2716584e+00
   3.3994954e+01
   1.8423326e+01
   1.0287836e+01
  -6.0328225e+00
  -1.0856995e+01
  -2.7741102e+01
  -1.6513607e+01
   2.5274635e+01
  -1.8124850e+01
   3.8570557e+00
  -1.3180021e+01
   1.5097908e+01
