2
26
12
7
14
24
5
8
17
14
8
36
11
2
3
13
42
6
26
4
15
5
16
3
20
8
8
10
3
1
24
2
1
12
5
12
5
19
17
2
3
15
6
22
26
8
4
7
1
20
17
15
14
14
4
3
13
5
29
25
7
5
3
6
17
17
8
25
23
8
30
27
18
5
18
5
56
9
15
10
3
59
2
5
28
7
4
16
7
15
15
1
33
6
24
2
18
24
3
19
16
15
7
50
32
23
5
5
10
10
17
40
16
18
8
12
3
18
3
9
6
2
29
9
16
33
8
7
5
5
1
4
16
2
23
9
58
1
12
9
16
6
1
13
29
14
4
19
2
29
13
19
7
5
25
14
7
5
4
9
14
18
8
4
43
30
6
7
24
7
15
32
50
11
4
23
2
22
2
34
8
23
7
7
10
18
11
2
12
3
5
6
10
4
5
5
2
4
6
5
13
13
1
5
15
11
10
37
5
3
16
26
3
5
5
3
9
9
1
1
4
7
25
22
10
17
17
24
7
5
7
13
5
18
7
17
22
10
19
6
5
9
3
45
48
1
3
36
15
9
14
4
2
27
6
3
33
18
18
12
8
19
15
2
18
12
13
14
21
8
15
6
25
8
12
5
48
3
6
8
2
16
8
18
33
18
14
24
11
4
2
18
45
10
6
15
13
5
