1
23
7
64
24
44
11
3
22
33
12
2
22
8
11
20
25
3
20
4
2
5
40
14
27
19
33
8
3
5
44
10
15
10
8
14
7
2
46
13
4
14
41
22
45
13
24
13
4
9
1
11
31
32
16
48
26
23
20
15
7
9
49
13
11
2
14
41
13
59
17
37
6
37
8
38
25
29
11
27
10
19
53
25
1
26
20
16
4
19
23
17
3
13
19
11
15
18
5
7
5
6
19
10
10
17
10
27
9
19
19
13
13
30
8
20
36
1
21
12
1
27
5
12
8
5
11
3
9
6
19
2
9
12
36
11
3
10
35
3
13
15
55
33
2
6
16
11
32
11
9
31
14
11
1
17
13
3
17
1
12
6
9
1
3
6
13
6
26
7
4
22
2
19
9
32
18
13
21
3
8
6
1
22
15
3
17
11
23
2
12
3
12
15
3
2
12
10
38
1
21
7
2
2
4
