13
29
29
43
9
2
30
3
8
15
60
19
30
6
34
29
25
33
23
25
21
10
13
46
13
15
38
14
37
13
20
13
17
7
21
15
31
1
34
23
4
4
15
18
54
10
44
12
38
23
20
11
74
13
2
20
11
33
15
39
19
23
41
23
10
57
26
46
28
25
26
31
9
35
12
15
6
6
41
10
35
7
35
12
12
4
30
49
4
7
3
21
26
9
19
20
43
13
14
19
4
16
8
27
14
27
18
10
35
34
51
3
49
1
48
28
22
31
2
4
6
6
16
33
32
1
60
37
7
3
13
8
20
16
34
18
4
9
48
15
12
41
15
25
4
34
6
36
11
31
15
15
4
25
25
19
13
45
43
5
17
11
28
9
14
28
17
34
37
16
1
25
10
9
7
24
2
21
7
25
16
15
39
37
8
40
38
47
42
4
15
22
31
12
25
7
34
71
13
49
6
13
30
1
17
4
1
30
21
16
35
4
24
19
40
22
20
12
29
4
24
8
22
4
4
8
5
17
53
10
8
20
31
11
44
1
15
28
11
1
6
14
5
11
7
18
19
51
16
22
77
20
28
51
40
48
17
13
11
33
45
27
28
7
5
6
6
9
28
14
11
1
17
19
14
13
1
17
3
5
24
24
25
37
4
8
16
34
49
2
29
34
31
1
44
9
35
2
12
30
15
41
15
16
51
11
13
5
