   7.4180132e+01
   7.1768941e+01
   5.3846027e+01
   6.2590386e+01
   5.1094371e+01
   4.8921374e+01
   4.7959842e+01
   3.0136192e+01
   3.4866950e+01
   4.1015140e+01
   2.5404239e+01
   2.5466369e+01
   3.3131415e+01
   6.0691907e+01
   7.8615106e+01
   7.2693760e+01
   5.7326948e+01
   5.3680858e+01
   5.9092352e+01
   5.3610766e+01
   4.9603365e+01
   5.2599209e+01
   5.0311554e+01
   5.2999193e+01
   4.0059202e+01
   3.5999764e+01
   3.0907672e+01
   2.4202059e+01
   6.0472468e+01
   6.5532903e+01
   5.7161255e+01
   5.6938728e+01
   4.5190776e+01
   4.1758823e+01
   3.8870909e+01
   4.5513991e+01
   3.3872480e+01
   2.7205400e+01
   2.5159004e+01
   5.0421116e+01
   5.6483434e+01
   5.0993958e+01
   5.1685662e+01
   4.5463357e+01
   3.5910750e+01
   3.2641379e+01
   3.4006715e+01
   4.1369171e+01
   2.5170065e+01
   2.5618254e+01
   2.5242181e+01
   9.8023071e+00
   3.0955165e+01
   1.2279536e+01
   6.8035054e+01
   6.9957123e+01
   5.5387315e+01
   5.6289749e+01
   5.6432859e+01
   4.8073778e+01
   4.9284768e+01
   4.7993424e+01
   3.3192058e+01
   4.2265333e+01
   3.4791247e+01
   4.0409979e+01
   6.5251480e+01
   6.0295261e+01
   5.6580447e+01
   5.4060857e+01
   5.4740704e+01
   4.0739357e+01
   2.5875634e+01
   3.1899080e+01
   3.6537754e+01
   2.2823370e+01
   2.4453690e+01
   5.4275562e+01
   4.6918744e+01
   7.2319763e+01
   6.9743722e+01
   6.4523930e+01
   5.9380772e+01
   5.6453594e+01
   5.1748929e+01
   4.5863520e+01
   4.4392700e+01
   4.3893164e+01
   3.3051990e+01
   3.1296381e+01
   4.3341113e+01
   3.7461242e+01
   1.6282302e+01
   2.9045975e+01
   5.5833996e+01
   5.9891560e+01
   6.3343916e+01
   5.3235286e+01
   5.2442961e+01
   4.8922800e+01
   4.2903106e+01
   4.6200342e+01
   4.4921864e+01
   4.2470752e+01
   3.7080185e+01
   4.5355766e+01
   2.6300482e+01
   5.6506368e+01
   7.6703042e+01
   6.8844591e+01
   6.5835594e+01
   4.9466348e+01
   7.0102256e+01
   4.8612263e+01
   6.2186415e+01
   4.4323027e+01
   4.5051118e+01
   2.8803843e+01
   4.4901227e+01
   6.7040906e+01
   4.2446937e+01
   3.1092347e+01
   8.3190103e+01
   6.8653352e+01
   6.4716978e+01
   6.4356016e+01
   6.2300329e+01
   4.7814466e+01
   5.4165046e+01
   5.4215484e+01
   5.5736462e+01
   4.6903820e+01
   4.4665346e+01
   4.5889393e+01
   3.7767337e+01
   3.3131897e+01
   8.1191721e+01
   7.6010253e+01
   5.7642136e+01
   7.2805308e+01
   5.3912771e+01
   5.0148077e+01
   5.0857899e+01
   5.4513009e+01
   5.8622489e+01
   4.2836122e+01
   4.3217110e+01
   4.1960396e+01
   4.6497752e+01
   7.4799787e+01
   6.5687136e+01
   6.8561936e+01
   6.4835594e+01
   6.7248904e+01
   5.1469764e+01
   4.9958713e+01
   4.6751150e+01
   3.3827558e+01
   3.1419372e+01
   2.7002046e+01
   6.4224362e+01
   8.0518127e+01
   6.9565199e+01
   7.0108616e+01
   7.1120109e+01
   6.6008064e+01
   6.3103257e+01
   6.2353250e+01
   6.8430798e+01
   4.7869424e+01
   5.9398383e+01
   5.3671984e+01
   3.2004787e+01
   4.0068048e+01
   8.4699518e+01
   7.2801854e+01
   7.9659841e+01
   7.7989951e+01
   6.9612897e+01
   6.4499673e+01
   6.5978327e+01
   5.6599784e+01
   6.3935272e+01
   5.3951350e+01
   5.2005719e+01
   5.5634324e+01
   5.9344512e+01
   4.6122886e+01
   4.4112666e+01
   7.5347024e+01
   7.1061215e+01
   7.2223068e+01
   6.1645035e+01
   6.1171670e+01
   5.2704038e+01
   5.6376822e+01
   6.0024702e+01
   6.2560244e+01
   5.2216223e+01
   5.1543693e+01
   4.3768380e+01
   7.3035568e+01
   7.5851442e+01
   6.4994925e+01
   5.7097346e+01
   7.1137496e+01
   7.2957335e+01
   5.8054043e+01
   6.7728381e+01
   5.5005948e+01
   5.0069049e+01
   4.1691194e+01
   4.3993849e+01
   3.7951974e+01
   5.4860197e+01
   5.9919691e+00
   4.4015688e+01
   4.4596194e+01
   2.7293706e+01
