23
35
16
38
28
8
1
25
21
16
9
13
4
23
2
7
7
22
6
41
43
3
26
40
50
52
10
7
10
9
33
2
11
19
2
24
28
3
4
26
7
17
26
9
22
40
11
2
53
7
9
3
3
20
12
12
20
12
21
5
18
15
5
18
20
7
32
24
13
3
3
6
10
13
12
21
24
4
10
15
16
22
9
25
5
7
16
33
2
24
2
13
31
22
35
4
4
2
32
22
15
5
20
12
2
3
56
5
12
41
46
7
41
2
12
22
15
13
34
39
2
6
11
11
22
24
34
22
16
2
31
16
14
23
7
18
7
17
27
35
14
10
24
4
1
29
13
5
5
3
1
9
47
7
17
21
26
41
3
31
8
24
13
15
11
21
44
41
5
14
23
12
2
16
36
13
16
21
50
6
11
38
2
12
3
36
15
34
8
15
24
13
7
32
14
21
1
16
5
12
7
9
8
21
4
2
16
14
2
8
9
11
10
17
6
11
49
5
28
3
32
7
2
34
9
28
1
21
29
5
18
30
24
34
20
50
10
6
6
1
5
6
1
22
37
46
9
14
24
9
58
34
29
1
16
19
15
5
43
31
8
31
10
19
26
21
12
5
2
17
6
9
2
1
24
6
18
28
21
39
2
1
5
32
15
35
25
2
11
8
27
8
16
3
3
43
1
4
25
1
1
16
4
32
15
14
19
39
14
18
14
19
14
34
35
23
16
3
9
5
22
18
18
