5
14
6
19
5
8
7
37
2
2
28
25
11
35
13
23
27
14
13
11
17
22
21
45
17
30
40
3
23
6
3
10
8
32
15
7
7
5
8
9
8
7
11
3
4
49
11
3
4
18
6
2
9
35
4
11
15
20
13
16
39
12
30
12
13
3
26
32
40
8
22
36
24
13
19
44
1
4
42
9
7
8
25
10
16
14
87
11
16
10
4
27
17
8
66
38
17
6
6
10
6
2
9
8
4
32
16
10
11
28
49
64
10
30
11
32
55
8
39
27
14
14
13
50
12
38
59
42
32
21
29
12
21
8
26
11
15
12
4
8
14
14
4
6
7
2
33
32
22
24
43
18
22
11
34
4
3
6
17
10
23
2
12
35
38
31
23
13
30
2
27
25
27
10
3
67
28
2
30
7
3
1
40
73
1
11
18
13
20
13
16
1
60
32
15
4
7
28
28
13
9
28
25
21
7
28
15
15
1
29
17
4
21
49
9
22
12
15
3
18
4
29
4
23
25
14
5
17
33
4
17
33
8
17
17
23
29
22
33
16
30
14
4
44
3
13
11
22
6
34
9
13
31
3
40
25
24
5
33
2
77
