8
2
13
10
18
15
42
3
21
6
21
26
4
8
15
24
7
2
12
7
11
31
4
3
35
27
25
15
29
17
35
20
31
11
35
25
17
7
10
30
26
12
26
12
8
10
45
5
10
35
15
7
1
5
10
2
15
15
29
29
45
26
28
43
12
11
31
1
26
5
29
14
5
58
36
13
24
29
14
57
10
2
50
4
23
6
14
5
13
41
33
25
35
22
18
11
12
2
18
4
1
2
1
27
4
31
11
5
5
2
3
6
17
28
25
2
2
5
15
7
5
3
34
40
14
17
17
34
20
22
4
2
13
1
7
55
20
26
46
1
18
31
14
34
7
20
24
14
11
7
7
22
1
5
16
36
20
18
23
10
10
5
11
27
2
33
2
5
7
31
65
9
16
62
22
33
18
4
18
36
6
41
8
5
2
5
7
26
2
19
36
7
7
2
11
13
21
13
12
14
4
8
11
6
64
17
12
6
3
26
2
17
3
2
17
26
8
40
12
10
23
33
11
28
1
4
15
1
23
6
22
28
24
10
19
46
6
15
9
48
12
3
12
59
11
28
54
19
15
22
11
13
16
2
10
22
2
42
9
6
26
2
12
11
49
8
10
11
8
14
7
32
4
25
13
24
6
18
22
17
5
13
12
10
4
15
2
40
22
9
34
29
10
2
21
6
31
19
3
22
28
14
21
12
7
7
31
12
54
19
7
31
25
5
32
42
2
9
19
16
17
33
24
25
1
24
31
13
30
32
5
3
6
33
6
24
40
14
20
7
5
27
10
5
2
13
49
3
