14
40
5
43
39
5
6
39
62
10
27
25
5
8
6
5
5
30
64
9
24
38
8
17
14
2
8
17
10
6
27
15
24
25
3
5
21
13
82
8
25
18
8
5
30
8
27
7
4
7
16
4
2
35
25
10
10
18
7
32
26
7
4
1
16
33
3
1
48
15
11
22
5
5
13
7
43
13
14
9
7
17
29
29
3
8
2
7
38
18
60
52
15
30
22
2
39
24
24
25
14
7
2
9
2
21
10
32
19
27
4
18
1
2
9
9
29
2
3
15
3
39
61
37
22
47
2
1
16
1
45
9
9
29
11
41
28
43
9
30
44
20
3
5
33
12
23
8
12
32
24
10
15
2
25
31
26
7
20
17
21
9
6
23
20
25
3
13
5
38
13
6
16
5
21
3
3
31
17
24
15
27
10
4
20
42
12
17
12
23
8
9
6
1
19
26
20
6
17
12
33
39
32
34
27
25
26
44
38
43
26
5
8
12
2
52
13
12
4
31
11
9
39
17
20
4
7
9
12
13
8
47
9
9
10
13
11
36
9
48
17
13
3
9
36
26
19
4
17
15
5
23
46
6
4
22
1
7
12
14
22
10
8
4
20
3
9
9
27
41
45
4
27
57
16
30
12
2
17
19
11
16
11
8
