6
11
40
3
2
16
7
14
27
3
29
15
26
31
18
4
6
14
19
10
16
2
3
14
16
45
9
11
5
10
9
15
4
3
4
10
6
14
42
19
4
49
7
4
12
2
8
6
8
20
11
3
4
4
35
5
12
3
12
6
38
3
14
12
25
7
10
32
7
18
37
36
4
34
5
5
14
32
13
6
28
24
13
8
7
19
34
18
1
21
17
36
9
15
3
19
10
21
24
1
11
24
51
12
21
40
5
27
8
11
31
45
22
1
27
25
7
27
21
6
26
4
14
17
9
32
25
21
20
25
6
5
18
19
24
14
6
17
12
30
10
19
36
8
3
21
12
10
7
26
33
15
52
8
34
1
13
26
6
15
46
10
13
14
15
22
12
29
12
3
9
13
11
14
5
2
8
39
6
7
3
3
27
5
24
41
15
7
18
24
14
10
12
21
3
12
38
18
8
25
1
3
11
21
7
22
4
2
8
13
18
24
12
13
5
13
14
27
25
3
18
44
7
6
4
15
43
4
1
7
29
2
12
44
4
44
40
5
5
9
45
5
11
11
15
33
17
4
17
34
1
12
8
28
27
11
22
22
2
35
12
9
7
12
13
4
19
30
19
7
12
15
16
7
3
37
7
2
