4
1
17
9
24
30
4
4
17
16
4
21
34
22
11
6
29
14
15
30
3
24
61
39
50
9
16
43
6
19
7
25
1
3
2
37
7
5
8
7
15
39
20
27
1
12
53
20
3
22
4
14
26
10
5
13
14
12
15
12
21
17
16
2
32
5
4
8
11
7
40
20
35
24
42
10
24
16
39
8
3
40
14
2
24
2
8
1
14
34
17
7
12
9
19
9
28
2
10
11
1
5
1
11
2
4
6
22
13
14
2
5
23
40
11
43
3
7
31
17
44
37
16
12
22
23
7
10
3
12
41
14
1
28
9
46
34
36
18
5
2
12
15
12
17
22
16
39
1
29
9
14
30
11
23
13
10
25
24
13
10
31
14
17
8
6
39
59
34
8
10
4
21
14
8
36
21
4
9
25
9
41
13
37
25
6
31
4
19
16
20
4
4
15
7
24
17
36
3
43
48
27
12
