25
7
10
32
3
16
11
11
41
11
10
13
15
27
31
20
16
34
65
16
5
11
36
12
48
3
39
48
31
20
14
48
29
16
20
46
43
5
1
15
6
10
34
36
25
8
2
21
22
20
41
21
28
18
2
8
34
20
69
6
30
35
10
23
26
15
18
10
10
64
53
29
22
6
36
16
3
2
10
2
35
11
20
20
15
30
8
4
20
15
16
21
21
23
25
39
6
25
17
4
7
16
71
4
60
10
5
9
10
16
1
11
17
6
7
9
3
18
33
31
16
6
16
18
17
1
6
19
11
11
1
7
7
21
18
4
13
37
8
15
5
2
11
15
16
13
15
12
8
25
20
11
38
15
36
28
21
10
2
9
13
9
22
1
6
36
41
19
6
9
13
9
3
17
20
10
30
3
6
11
28
35
28
28
1
17
22
24
5
18
14
6
9
10
23
16
8
3
30
7
2
9
19
7
5
42
11
7
4
14
33
25
13
12
18
4
27
12
35
5
15
4
25
2
18
25
11
9
10
6
23
6
82
1
4
2
36
43
3
4
1
2
11
9
31
2
7
10
15
24
7
26
5
50
9
9
11
20
15
34
1
4
14
6
11
3
17
4
18
4
2
34
5
16
20
13
23
20
7
1
19
15
11
28
16
18
4
37
16
39
4
7
5
4
17
13
18
2
2
1
2
16
11
13
1
