14
12
22
20
40
4
10
6
24
26
18
13
6
2
13
6
37
17
7
16
24
7
10
1
18
17
1
38
46
1
34
22
3
32
8
8
24
12
3
16
43
2
44
1
28
4
5
18
49
35
3
65
7
10
6
12
14
52
20
17
5
9
2
16
17
23
11
7
23
15
13
21
31
4
31
11
28
29
4
23
42
21
10
25
55
16
7
39
1
27
30
23
19
7
59
42
9
3
4
6
8
7
36
23
17
2
7
2
2
32
9
17
20
18
49
10
6
8
9
26
25
1
58
37
4
7
38
47
17
8
26
3
3
13
11
28
7
16
11
8
9
20
37
6
5
9
31
4
5
17
3
32
3
14
13
7
11
4
12
33
28
1
7
23
2
29
12
5
2
5
54
3
39
29
4
3
6
13
7
25
1
8
12
8
11
10
30
18
6
4
36
33
8
7
10
11
10
12
32
21
9
18
6
13
1
13
17
4
16
26
21
12
14
14
5
