19
4
18
25
9
12
10
15
5
9
2
4
22
12
20
18
8
33
7
7
7
23
41
5
38
18
9
19
7
31
16
27
30
5
44
17
9
2
20
12
2
13
16
31
62
12
6
17
22
23
40
1
2
18
11
13
25
14
1
42
26
18
22
13
22
13
9
55
32
37
43
49
8
16
2
23
12
26
7
16
15
45
2
7
22
2
19
10
12
16
4
14
11
2
23
6
7
2
20
1
19
10
4
5
43
19
16
37
13
7
4
18
38
17
17
28
16
32
25
2
16
6
39
25
35
31
6
13
25
37
21
5
28
9
3
4
33
24
9
21
13
2
12
12
14
14
12
22
28
11
22
30
3
2
7
37
17
9
4
4
16
10
34
43
3
10
5
19
31
26
16
1
23
24
11
35
18
34
24
27
46
15
17
9
2
10
14
30
12
3
3
2
8
13
12
8
18
46
39
17
12
39
20
38
9
4
20
3
37
7
7
27
8
13
5
14
4
13
35
11
12
8
34
9
27
49
10
26
40
12
1
10
22
4
2
30
20
13
11
3
8
4
7
15
15
28
14
26
16
9
20
17
3
25
21
6
12
50
17
13
3
10
18
14
8
23
28
23
12
35
20
16
41
16
29
29
1
15
4
8
8
8
24
5
7
9
22
11
21
13
12
10
13
2
12
7
18
28
14
