1
4
9
16
15
2
24
10
6
18
9
7
15
17
8
14
9
1
3
5
6
36
27
8
3
16
64
3
11
4
29
35
20
24
44
8
12
36
68
31
1
3
7
26
3
26
24
10
8
43
11
59
6
8
12
12
30
22
3
33
39
23
2
36
1
15
30
19
17
27
37
45
14
33
3
23
38
10
38
14
13
23
11
13
3
57
3
42
1
27
21
36
6
20
13
18
1
32
7
30
18
14
7
1
20
27
17
11
9
14
3
11
21
12
2
73
22
21
24
20
3
51
19
6
5
3
5
1
37
4
16
31
18
27
6
4
31
7
18
32
12
8
21
37
14
36
28
4
5
5
3
17
28
6
11
4
37
3
7
20
10
8
4
9
4
50
10
7
9
3
22
44
24
4
16
9
40
41
2
8
19
9
