24
6
14
48
12
3
3
23
13
17
50
11
1
21
8
15
49
5
6
19
7
17
7
12
52
7
7
11
48
3
27
38
2
2
20
13
17
17
5
7
7
12
23
5
5
3
8
12
28
10
61
10
36
8
78
31
16
28
20
16
13
2
11
12
53
24
11
1
6
1
22
4
68
15
10
40
17
5
16
18
44
19
5
3
7
11
14
54
12
25
8
5
54
28
22
41
27
30
16
4
36
9
22
1
21
4
39
2
38
36
58
1
4
6
13
51
33
14
3
19
17
15
51
6
3
22
36
31
4
42
40
33
21
22
45
33
28
7
4
7
44
30
1
10
43
2
50
24
40
40
12
40
23
35
1
7
24
6
25
10
26
17
58
13
7
11
17
11
26
10
52
17
8
23
3
16
29
37
33
7
28
33
30
9
21
15
9
15
4
29
34
43
22
1
24
15
17
24
9
8
27
38
23
9
8
11
19
12
3
5
14
7
5
3
21
1
27
65
16
40
18
23
21
22
6
36
2
32
14
14
27
53
34
11
21
1
16
23
46
11
17
8
1
20
2
