17
14
14
1
13
34
5
50
19
27
22
18
12
30
3
24
18
26
73
32
14
40
9
4
5
6
28
9
7
89
46
22
6
4
52
34
24
17
18
4
4
7
5
12
19
2
22
19
30
5
2
13
37
2
12
10
10
7
22
7
26
25
3
5
19
20
6
29
12
37
32
10
13
3
12
41
27
8
50
5
37
1
27
2
45
13
32
9
12
7
33
35
7
11
35
33
26
23
3
7
3
1
36
3
28
4
8
8
32
4
21
20
50
6
17
50
17
13
43
12
21
5
31
26
46
38
30
30
2
6
40
12
15
14
14
13
15
34
5
2
4
28
35
2
25
22
22
6
13
64
18
24
3
10
15
34
43
45
30
8
34
21
8
18
43
27
25
19
1
13
3
2
29
23
19
22
7
2
17
17
10
15
32
1
16
3
47
12
19
15
26
5
14
3
16
18
7
7
34
8
11
17
33
41
4
55
34
8
1
27
26
2
31
10
17
18
44
44
16
30
8
37
4
27
2
13
17
21
5
11
4
12
25
15
1
19
7
31
1
41
6
7
18
14
23
11
5
33
16
22
1
22
13
70
14
2
2
19
5
3
18
8
4
3
16
