   9.1231408e+01
   6.1526272e+01
   5.7070121e+01
   5.5766733e+01
   2.4453371e+01
   2.3800422e+01
   2.3030632e+01
   1.6113599e+01
   2.2310574e+01
   7.4942499e+01
   6.8638006e+01
   5.4588672e+01
   4.8051382e+01
   4.1651506e+01
   5.2289718e+01
   3.5999723e+01
   3.0380557e+01
   2.2086245e+01
   9.9798949e+00
   1.0539177e+01
   1.1606371e+01
   7.6471349e+01
   7.0275000e+01
   6.3963119e+01
   7.2234421e+01
   5.3367426e+01
   4.8762210e+01
   3.7291258e+01
   4.7906363e+01
   2.9481421e+01
   2.7229655e+01
   2.2224257e+01
   6.2424789e+01
   6.9151626e+01
   5.2802136e+01
   5.3653745e+01
   5.3226505e+01
   4.9282702e+01
   3.4265722e+01
   3.1243617e+01
   2.4833516e+01
   3.5637234e+01
   2.7756656e+01
   2.4424017e+01
   8.6612480e+00
   1.4426465e+01
   9.0898560e+01
   7.0813492e+01
   7.6632001e+01
   5.7275152e+01
   6.4780086e+01
   5.3774528e+01
   4.8217152e+01
   4.4547392e+01
   3.3955283e+01
   2.5669733e+01
   1.7042983e+01
   1.1179650e+01
   3.1319558e+00
   7.7943068e+01
   7.3990559e+01
   4.9571914e+01
   5.5032454e+01
   5.2143177e+01
   4.8790129e+01
   5.2497052e+01
   3.6868024e+01
   3.2364887e+01
   4.2092105e+01
   4.5351148e+01
   2.7275465e+01
   2.0257951e+01
   7.3511943e+00
   7.4549633e+01
   7.1348953e+01
   6.1243620e+01
   5.3151595e+01
   5.4135971e+01
   4.3004086e+01
   4.4051930e+01
   4.1108130e+01
   3.9228604e+01
   2.0939648e+01
   1.7455166e+01
   1.9295705e+01
   1.2991919e+01
   3.8768643e+00
   7.9559964e+01
   8.5797522e+01
   7.4271485e+01
   6.0562042e+01
   6.4546900e+01
   5.8100704e+01
   5.4957703e+01
   4.6119257e+01
   4.3112970e+01
   3.9221355e+01
   3.9973681e+01
   2.6038864e+01
   1.4438128e+01
   1.0733023e+01
   8.6372011e+01
   7.4359273e+01
   5.9016899e+01
   6.7901291e+01
   5.8108572e+01
   5.9821286e+01
   4.5077291e+01
   4.6400684e+01
   3.5188011e+01
   3.1646060e+01
   1.6108133e+01
   2.8450116e+01
   1.3006490e+01
   1.9386714e+00
   1.4306549e+01
   8.3800242e+01
   7.7566163e+01
   7.8284905e+01
   7.3703741e+01
   6.0628584e+01
   6.6174580e+01
   5.3376535e+01
   5.8771152e+01
   3.8358886e+01
   3.4564521e+01
   2.9137848e+01
   1.5494357e+01
   1.7297533e+01
   1.5966774e+01
   6.9051632e+01
   6.9076337e+01
   7.4729089e+01
   5.8217390e+01
   5.8647672e+01
   4.9747295e+01
   4.2566439e+01
   4.8413442e+01
   4.2540122e+01
   2.4227693e+01
   2.0235120e+01
   1.5131013e+01
   1.7895748e+01
   7.4772695e+01
   5.9366885e+01
   5.3845767e+01
   6.3623883e+01
   4.1690447e+01
   7.0508770e+01
   2.1572623e+01
   1.8823691e+01
   3.1575946e+01
   3.7674817e+01
   8.5332328e+00
   1.6201789e+01
   1.0148683e+02
   7.5998720e+01
   8.3269521e+01
   7.3421796e+01
   7.3556756e+01
   7.0408340e+01
   5.2596905e+01
   5.9140933e+01
   5.4594486e+01
   4.8176311e+01
   3.8112033e+01
   2.2173145e+01
   3.1194107e+01
   2.0438082e+01
   9.5629419e+01
   7.6856579e+01
   6.9707753e+01
   7.1422344e+01
   6.4879685e+01
   5.3140087e+01
   5.2750508e+01
   4.2247850e+01
   5.1321988e+01
   4.7753818e+01
   2.5840092e+01
   1.6237355e+01
   1.8395730e+01
   8.3859307e+01
   6.3174531e+01
   4.8457940e+01
   4.7353649e+01
   5.4727065e+01
   4.8722567e+01
   5.7791172e+01
   3.0070738e+01
   3.1147334e+01
   4.2196202e+01
   3.4416403e+01
   3.2922220e+01
   8.3898487e+01
   6.6294242e+01
   7.5289748e+01
   6.5891224e+01
   7.0314981e+01
   5.9737670e+01
   6.3982226e+01
   4.0390105e+01
   3.8826593e+01
   2.6784941e+01
   4.0664588e+01
   2.4638727e+01
   3.5066069e+01
   2.3652573e+00
