14
14
8
11
33
16
22
14
3
18
17
29
24
25
49
15
3
15
22
29
14
1
28
10
3
9
14
43
14
14
5
7
26
16
15
13
14
21
27
14
30
21
18
12
8
21
6
2
1
10
8
7
19
8
1
28
33
5
2
31
9
10
1
31
13
58
14
21
14
10
13
7
37
18
10
1
12
1
28
13
28
30
5
7
31
38
15
3
11
11
38
23
25
2
2
12
36
3
21
19
21
26
10
7
4
21
7
17
10
8
7
1
19
5
39
6
27
14
17
1
46
5
8
9
33
34
9
14
35
2
3
15
38
1
28
11
32
24
42
10
15
2
10
33
3
32
12
11
6
14
4
13
10
45
14
28
6
31
6
45
20
20
60
6
14
21
12
4
11
10
26
8
2
6
17
13
20
5
22
4
4
19
3
30
1
15
1
11
1
2
22
10
3
15
15
26
5
2
1
13
17
27
35
56
12
12
3
7
15
12
3
4
9
15
3
14
11
32
2
8
36
41
9
19
37
8
18
68
10
21
10
23
3
7
40
27
4
42
20
2
5
39
2
20
16
5
5
28
13
23
2
10
8
4
13
19
15
19
6
14
29
6
4
