  -1.9057554e+01
  -5.0651840e+01
   2.1916889e+01
  -7.9599761e+00
   1.3374612e+01
   3.0516181e+01
  -2.8629886e+01
   3.1613789e+01
   5.8770346e+00
   2.8219667e+00
  -5.2040723e-01
  -4.0658927e+01
   2.6333551e+01
   1.4600571e+01
   2.9886087e+01
  -6.8113443e+00
  -3.2709762e+01
  -6.7654980e+01
   3.2712107e+01
   5.5028617e+00
   1.1718143e+01
   1.6298359e+01
   4.8743364e+01
   3.4783621e+01
  -2.7636592e+01
   9.3340150e+00
  -1.8845138e+01
   2.1705349e+01
   1.9284631e+01
  -8.3708599e+00
   4.1461494e+00
   4.6364637e+00
  -3.1586418e+00
  -1.6453799e+01
   2.5982517e+00
  -1.1830895e+01
  -1.4717599e+01
   1.8984298e+00
  -1.2545727e+01
   5.2820255e+00
   2.6139827e+01
  -3.5296654e+01
   2.6299749e+01
   7.8738813e+00
   3.5086172e+01
   5.5515560e-01
  -1.7899816e+01
   3.7437838e+01
   1.3904919e+01
  -1.6924314e+01
  -1.4268839e+01
   4.2668256e+01
  -5.8839690e+00
   3.1090576e+01
  -1.2042476e+01
   2.4644065e+01
  -3.4568677e+01
   3.5166938e+01
  -2.4489751e+01
  -5.9336507e+00
  -5.4733287e+00
  -1.1630342e+01
   1.2030983e+01
  -1.1799938e+01
   3.7610434e+00
  -3.6673766e+00
  -3.2409873e+01
   2.1247244e+00
   4.5567947e+00
  -8.3716137e+00
  -3.0976418e+01
  -3.1725307e+00
  -2.7969124e+01
  -2.4818165e+01
   8.8948905e+00
   2.3857032e+00
   1.0232341e+01
  -1.8427027e+01
   1.9697045e+01
   6.5798858e+00
   1.9837113e+01
   6.7766405e+00
  -5.9388623e+00
  -1.9387086e+01
  -1.4510980e+01
   1.1588927e+01
  -1.5312809e+01
  -2.0974251e+01
  -1.1409627e+01
  -6.3614531e+00
   4.4248751e+01
   2.8052381e+01
  -2.4844217e+01
   3.9405227e+01
   9.1142595e+00
   4.2446022e+00
   1.1123502e+01
   8.3431157e+00
   2.9096238e+01
  -1.1977444e+01
   9.1793123e+00
  -1.3035884e+01
  -3.9060858e+01
  -2.6616257e+01
   2.1552828e+01
   2.3432103e+01
   1.5592745e+01
   1.4112977e+00
  -2.5275287e+01
   3.6022889e+01
  -4.5714217e+01
  -1.5404172e+01
   2.2727432e+01
  -2.2483544e+01
  -1.8502464e+01
  -3.6378687e+01
  -1.7438310e+01
   1.8727280e+01
   5.2395001e+00
  -4.8213977e+00
  -3.4770313e+01
   4.8053812e+01
   4.5063432e+00
  -1.2478713e+01
   2.8334430e+01
   3.1559846e+01
  -3.1528093e+01
  -7.9706042e+00
   2.5617118e+01
   1.6263107e+01
  -3.2839626e+00
   9.5047008e+00
   1.2581313e+01
  -1.4980813e+01
  -2.4039214e+01
  -3.9699173e+01
  -1.1965911e+01
   9.4887448e+00
   1.7144236e+01
   9.2438261e+00
   1.9593891e+01
  -8.3053372e+00
  -1.8787829e+01
   2.0065572e+01
  -1.7637833e+01
   1.4336424e+00
   2.8032582e+01
  -1.0873502e+00
   4.3739392e+00
   2.0354289e+01
   2.2568445e+01
  -1.1880945e+01
  -1.4763393e+01
   3.1041122e+01
   2.7282545e+00
  -4.2818892e+01
  -1.6401117e+01
   5.8076778e+00
  -3.9608067e+01
   1.4425424e+01
  -4.1501798e+01
   1.4989079e+01
   1.4071114e+01
   1.4809631e-02
  -3.5313881e+01
   4.1129341e+01
  -2.4319352e+01
   2.4698768e+01
   1.2589852e+00
  -1.5783465e+01
   2.5410164e+01
   9.7730256e+00
   2.8429862e+01
   1.6323516e+01
  -4.7535911e+01
   2.0281300e+01
  -2.8468650e+01
   1.4460868e+01
   1.2595544e+01
   3.0566326e+00
  -3.3279405e+01
  -1.7887234e+01
   1.1630204e+01
  -7.5394694e+00
   2.1497865e+01
   3.1947957e+01
   1.0891965e+01
  -1.0473756e+00
  -5.1581366e+01
   7.4826081e+00
  -2.2367875e+01
   5.9386243e+01
  -2.4939236e+01
  -3.1866464e+01
   1.1388470e+01
   2.0581926e+01
  -1.4662751e+01
  -7.2984304e+00
   4.4424963e-01
   3.3435064e+00
  -1.0657696e+01
   2.1441868e+01
  -1.4244178e+01
  -1.7006108e+01
  -3.4156088e+00
  -6.9880518e+00
  -1.8183507e+01
   1.5897423e+01
