   4.6525817e+01
   1.8573703e+01
   6.4909000e+01
   4.4026733e+01
   6.0846983e+01
   6.0634154e+01
   2.9457738e+01
   7.1171945e+00
   9.6351185e+01
   1.1018111e+01
   6.2456555e+01
   5.7835584e+01
   6.4871271e+01
   2.9226597e+01
   4.6006046e+01
   5.5253806e+01
   5.4415711e+01
   3.1425437e+01
   3.2887289e+01
   2.8609619e+01
   1.1232749e+01
   4.9768273e+01
   8.0190809e+01
   6.4743681e+01
   6.6343880e+01
   6.4798621e+01
   3.2756753e+01
   6.1510346e+01
   3.5400873e+01
   7.0026119e+01
   7.2586474e+01
   2.9865281e+01
   8.7707138e+01
   2.8934405e+01
   5.0179129e+01
   8.6774027e+01
  -1.0202681e-01
   5.6642830e+01
   2.2899788e+01
   4.4267336e+01
   7.1977193e+01
   3.9650294e+00
   4.4727867e+01
   5.9810229e+01
   2.1767643e+01
   5.2063137e+01
   2.6534044e+01
   5.5799653e+01
   7.3830705e+01
   6.2253471e+01
   5.0968326e+01
   5.2721300e+01
   5.3734385e+01
  -4.6584367e+00
   6.8021087e+01
   4.5998405e+01
   1.3160381e+01
   7.1063922e+01
   7.0027420e+01
   3.8856836e+01
   8.0151144e+01
   4.3196996e+01
   9.2126596e+00
   9.5997336e+00
   5.2469510e+01
   5.9406473e+01
   2.2868457e+01
   2.7615257e+00
   8.8205120e+01
   4.2600266e+01
   7.9639049e+01
   6.4884740e+01
   8.4354152e+01
   6.7796080e+01
   5.5433097e+01
   5.4217461e+01
   6.0811851e+01
   2.5070320e+01
   8.7288704e+01
   5.0699855e+01
   3.0112339e+01
   4.1141330e+01
   1.8020673e+01
   1.4896419e+01
   6.7518607e+01
   4.2435870e+01
   5.7229592e+01
   4.8974859e+01
  -1.3898945e+00
   5.2730240e+01
   2.5275962e+01
   6.6028891e+01
   5.6694186e+01
   7.1034695e+01
   3.7447627e+01
   4.6313638e+01
   3.1446408e+01
   4.8933846e+01
   6.0939781e+01
   4.3614240e+01
   3.3082332e+01
   6.0020544e+01
   4.8117888e+01
   2.1016336e+01
   5.5551000e+01
   5.1588291e+01
   4.3968410e+01
   4.4802968e+01
   5.9864104e+01
   2.2089195e+01
   5.7780302e+01
   7.9469395e+01
   4.5742373e+01
   8.0233264e+01
   9.5286762e+01
   1.0502702e+01
   2.6566054e+01
   4.3060001e+01
   4.9906088e+01
   8.1710356e+01
   6.4697989e+01
   3.8452189e+01
   4.9083932e+01
   5.6452608e+01
   5.5599632e+01
   2.6195626e+01
   2.8672570e+01
   8.8849015e+01
   2.2362866e+01
   7.6957673e+01
   5.5662978e+01
   3.2061235e+01
   3.3091642e+01
  -1.2035370e+01
   5.0457281e+01
   3.6934790e+01
   3.2759651e+01
   5.8396816e+01
   6.8857205e+01
   3.8501475e+01
   6.0629374e+01
   4.5207415e+01
   4.5265213e+01
   8.7177589e+01
   6.2198367e+01
   3.2378887e+01
   3.2687589e+01
   4.2096378e+01
   3.5974533e+01
   6.5933233e+01
   2.2872694e+01
   4.6152526e+01
   3.4043400e+01
   2.1167410e+01
   5.8132128e+01
   5.5474919e+01
   5.1363247e+01
   2.1797995e+01
   7.3973668e+01
   3.6638240e+01
   6.0204155e+01
   7.6065943e+01
   3.8246132e+01
   1.7089481e+01
   2.5437325e+01
   5.5373976e+01
   3.7048810e+01
   4.1730760e+01
   3.3742590e+01
   3.4303476e+01
   1.8720706e+01
   3.8653428e+01
   7.7872625e+01
   1.6403645e+01
   4.5948422e+01
   6.9310757e+01
   7.9236663e+01
   4.1953891e+01
   2.7335640e+01
   4.2946600e+01
   4.3796519e+01
   6.4298834e+01
   1.2274441e+01
   3.8757081e+01
   6.7428181e+01
   7.1683230e+01
   6.6470399e+01
   7.5078255e+01
   6.6864251e+01
   3.1155762e+01
   2.3300498e+01
   4.9181910e+01
   7.5519163e+01
   4.9234559e+01
   5.0339468e+01
   4.4546289e+01
   4.2113059e+01
   7.6429782e+01
   9.2813264e+01
   7.5457543e+01
   3.2038445e+01
   5.0519340e+01
   2.8255189e+01
   2.3650305e+01
   9.4458734e+01
   1.0093772e+01
   4.1454815e+01
   5.7404316e+01
   4.1463085e+01
   6.0412035e+01
   4.1981029e+01
   2.0924425e+01
   1.4928645e+01
  -1.1296938e+01
   6.7065552e+01
   1.3882135e+01
   7.9157562e+01
   6.7318281e+01
   3.9272119e+01
   6.2611354e+01
   5.5363452e+01
   5.4011888e+01
   4.3136818e+01
   9.2684209e+01
   4.6409684e+01
   4.1083135e+01
   7.7146896e+01
   7.4612653e+01
   2.9732010e+01
   6.2350281e+01
   4.6226242e+01
   6.6993392e+01
   5.1320700e+01
   9.8887443e+01
   6.8059686e+01
   5.1442023e+01
   6.1624540e+01
   3.0982738e+01
   3.4714761e+00
   4.8358752e+01
   5.3142284e+01
   1.8064898e+01
   5.2280218e+01
   5.7315216e+01
   3.4811886e+01
   3.0855022e+01
   5.7733932e+01
   1.8884472e+01
   9.8475925e+01
   1.6563539e+01
   6.6560453e+01
   8.7354731e+01
   4.8984311e+01
   1.9544754e+01
   4.4041595e+01
   5.3766505e+01
   9.3507753e+01
   1.9147056e+01
   4.1025909e+01
   3.9939432e+01
   5.2227812e+01
   5.5396120e+01
   8.0932460e+01
   3.5093580e+01
   3.5966944e+01
   2.6897332e+01
   2.2596344e+01
   2.9624150e+01
   2.3741926e+01
   5.3170096e+01
   4.5960090e+01
   5.3048553e+01
