   4.3496033e+01
   1.4408947e+01
   6.3840749e+01
   4.4053386e+01
   6.1262153e+01
   5.9356957e+01
   2.7868212e+01
   5.4453503e+00
   9.8991427e+01
   2.1951303e+00
   5.9956612e+01
   5.8335159e+01
   6.6421892e+01
   2.8095698e+01
   4.1908926e+01
   5.6639285e+01
   4.9846371e+01
   2.7766008e+01
   2.9922583e+01
   2.6405980e+01
   3.1913180e+00
   4.8553331e+01
   8.0152875e+01
   6.4608393e+01
   6.4214936e+01
   6.6461018e+01
   2.9513113e+01
   5.9077302e+01
   3.2511975e+01
   7.3297732e+01
   7.5629557e+01
   2.8854453e+01
   8.9276506e+01
   2.5177635e+01
   4.8754145e+01
   8.9615451e+01
  -6.9107959e+00
   5.7712455e+01
   1.9056042e+01
   4.2914669e+01
   7.0293397e+01
  -1.3120115e+00
   4.2870979e+01
   6.0128216e+01
   1.0168610e+01
   5.3479685e+01
   2.0143331e+01
   5.5485212e+01
   7.3049647e+01
   6.0080138e+01
   5.1517446e+01
   5.6427774e+01
   5.1624556e+01
  -1.0738971e+01
   6.7760509e+01
   4.5319575e+01
  -2.3025953e+00
   6.9030939e+01
   6.5112392e+01
   3.7252085e+01
   8.1413498e+01
   4.0963777e+01
   1.3982900e+00
   6.9506935e+00
   4.8659906e+01
   5.9300444e+01
   1.6619790e+01
  -3.8855254e+00
   9.0081808e+01
   4.3189910e+01
   8.1750327e+01
   6.7492154e+01
   9.0429662e+01
   7.1412673e+01
   5.5299591e+01
   5.4974018e+01
   5.9737906e+01
   2.1979585e+01
   8.8880347e+01
   5.6782540e+01
   2.5471290e+01
   3.9332403e+01
   1.0572805e+01
   6.2387815e+00
   7.0327695e+01
   4.1955513e+01
   5.3944529e+01
   5.0871223e+01
  -4.7670867e+00
   5.6878898e+01
   2.3725411e+01
   7.0709584e+01
   5.4994018e+01
   7.4007554e+01
   2.9321773e+01
   3.8808876e+01
   2.9890000e+01
   4.6132469e+01
   6.4426749e+01
   4.3127146e+01
   2.9967590e+01
   5.6432411e+01
   4.7843080e+01
   1.9142335e+01
   5.9055492e+01
   5.2246975e+01
   4.4666888e+01
   4.5339836e+01
   5.9862671e+01
   1.5724721e+01
   5.8473490e+01
   8.0428760e+01
   4.0987422e+01
   8.2425609e+01
   9.9685761e+01
   5.3375451e+00
   2.3083529e+01
   3.6598893e+01
   4.5020109e+01
   8.4907858e+01
   6.5099749e+01
   3.6482389e+01
   4.7755194e+01
   5.4371685e+01
   5.7408572e+01
   2.1328435e+01
   2.4093929e+01
   9.3148310e+01
   1.6496115e+01
   7.8592465e+01
   5.7533649e+01
   3.0997034e+01
   3.1237145e+01
  -1.9912909e+01
   5.0167413e+01
   3.0223470e+01
   2.6299971e+01
   5.7257917e+01
   7.2386047e+01
   3.9192935e+01
   5.9872645e+01
   4.5653138e+01
   4.3420961e+01
   8.9672712e+01
   6.2401505e+01
   3.0120631e+01
   2.6298546e+01
   4.1545829e+01
   3.6345964e+01
   6.1700242e+01
   2.1753663e+01
   4.1853083e+01
   3.3029741e+01
   1.3720930e+01
   5.5892373e+01
   5.8400670e+01
   4.8724524e+01
   1.6255085e+01
   7.5567267e+01
   3.3940106e+01
   5.3120407e+01
   7.9276449e+01
   3.0033306e+01
   9.0219491e+00
   2.2405505e+01
   5.4995161e+01
   3.7889886e+01
   3.6157053e+01
   3.0140002e+01
   2.9262861e+01
   1.2814654e+01
   3.4918663e+01
   8.2521787e+01
   4.3035672e+00
   4.7282486e+01
   7.5571076e+01
   8.2485262e+01
   4.4073979e+01
   1.9150562e+01
   4.0044063e+01
   3.9374991e+01
   6.4745143e+01
   8.2012276e+00
   3.4482535e+01
   7.0087830e+01
   7.0549356e+01
   6.9115481e+01
   7.6059980e+01
   6.8545116e+01
   2.5807272e+01
   1.7398244e+01
   4.5852092e+01
   7.5970087e+01
   4.8300122e+01
   4.3906774e+01
   4.2874240e+01
   4.1622113e+01
   8.0560941e+01
   9.5393051e+01
   7.3050436e+01
   3.1167761e+01
   5.0655274e+01
   2.6253719e+01
   1.5633849e+01
   9.3611942e+01
   1.9913483e+00
   3.8721402e+01
   5.4904407e+01
   3.5444216e+01
   5.9545384e+01
   4.2968878e+01
   1.5428411e+01
   3.8556203e+00
  -1.4145319e+01
   6.4590326e+01
   7.6097276e+00
   8.1165125e+01
   6.6575241e+01
   3.6755990e+01
   6.2418712e+01
   5.6250530e+01
   5.3697402e+01
   3.8754379e+01
   9.6159763e+01
   4.9793176e+01
   3.6064772e+01
   7.9922644e+01
   7.8155596e+01
   2.7894342e+01
   6.2679913e+01
   4.3534308e+01
   7.0231136e+01
   4.8719388e+01
   9.6589863e+01
   7.0739363e+01
   5.1722106e+01
   5.9766522e+01
   3.0047976e+01
  -3.1428364e+00
   4.7300893e+01
   4.4795469e+01
   1.5056699e+01
   5.5256097e+01
   5.9642612e+01
   2.7435771e+01
   2.9171715e+01
   5.7399086e+01
   1.4307793e+01
   1.0352908e+02
   1.1391676e+01
   7.0775555e+01
   9.1189355e+01
   4.8038875e+01
   1.2833694e+01
   4.2682779e+01
   5.3050405e+01
   9.2721495e+01
   1.7366671e+01
   3.6161611e+01
   3.2294637e+01
   5.3827415e+01
   5.7514602e+01
   8.4333460e+01
   3.2048158e+01
   3.0547565e+01
   2.5586811e+01
   1.5744312e+01
   2.6461453e+01
   1.6208173e+01
   5.3536640e+01
   4.4467386e+01
   5.1170771e+01
