14
4
28
42
12
10
27
12
34
18
10
8
7
13
43
18
2
10
15
25
12
17
24
15
1
30
8
5
12
38
6
8
28
6
18
18
44
1
14
21
2
14
41
13
25
5
27
1
7
43
17
21
10
13
4
17
57
6
6
12
10
5
4
29
3
14
7
38
20
2
13
35
4
7
2
1
12
26
1
12
21
1
8
14
26
13
34
20
35
10
20
17
7
34
4
7
2
3
6
18
14
17
5
21
28
9
7
30
4
1
4
4
40
11
3
19
28
17
4
21
21
29
2
12
18
26
13
32
4
25
25
2
6
25
38
14
14
2
22
10
1
9
3
21
33
5
12
7
22
11
1
25
8
9
11
25
26
22
36
2
1
15
3
8
12
6
1
12
7
8
50
7
15
22
7
20
1
3
31
23
7
28
19
8
10
24
39
13
48
11
12
2
23
3
27
38
4
16
10
5
12
9
24
23
4
2
6
31
9
10
18
6
6
3
12
14
5
1
14
14
8
5
1
