   2.6885672e+01
   4.6023131e+01
   4.9265763e+01
   4.4982937e+01
   7.9851501e+01
   3.6430623e+01
   6.4448409e+01
   1.8022745e+01
   6.7080800e+01
   4.7541904e+01
   3.0697188e+01
   7.2282130e+01
   8.1772901e+01
   8.2709694e+01
   2.1860281e+01
   3.5631578e+01
   5.6365208e+01
   2.2588816e+01
   3.8480609e+01
   3.3389923e+01
   4.1433196e+01
   7.8171323e+01
   2.3549903e+01
   9.5684872e+01
   7.5639977e+00
   6.9895408e+01
   3.9565660e+01
   3.5944795e+01
   4.3547533e+01
   5.2856838e+01
   5.6005561e+01
   1.1534177e+01
   6.2544262e+01
   2.2670461e+01
   3.6670133e+01
   4.9083371e+01
   3.8514445e+01
   4.7845384e+01
   3.6333878e+00
   6.7529783e+01
   7.0537230e+01
   6.5764565e+01
   3.4545840e+01
   5.0393781e+01
   4.1165352e+01
   3.4358126e+01
   6.8153638e+01
   5.6543324e+01
   6.2861940e+01
   9.6360065e+01
   5.5262763e+01
   5.2106066e+01
   5.1104934e+01
   2.4454013e+01
   7.5638308e+01
   5.2559633e+01
   3.5409668e+01
   7.6854995e+01
   5.1633071e+01
   6.2695275e+01
   1.5441755e+01
   4.5392317e+01
   3.8965446e+01
   6.4932312e+01
   5.5074969e+01
   4.2628723e+01
   6.0908925e+01
   2.4058490e+01
   6.9475522e+01
   6.1581416e+01
   3.2337388e+01
   2.1921701e+01
   2.3297021e+01
   3.5130262e+01
   8.1016347e+01
   5.8966668e+01
   8.9213611e+01
   5.3591884e+00
   2.8187559e+01
   6.2867214e+00
   3.6360790e+01
   5.7071907e+01
   7.0609009e+01
   3.3654035e+01
   5.8952349e+01
   4.8216269e+01
   2.9429237e+01
   1.4982439e+01
   5.0931084e+01
   4.4489305e+01
   2.8413147e+01
   1.6885350e+01
   6.4473169e+01
   3.4205616e+01
   2.9186536e+01
   5.8944233e+01
   6.0298817e+01
   3.1055122e+01
   2.0875343e+01
   6.9319948e+01
   5.2487084e+01
   2.8675312e+01
   6.7896200e+01
   1.1785396e+01
   6.1227018e+01
   2.2160429e+01
   1.7629432e+01
   3.2367885e+01
   1.6621315e+01
   4.2539834e+01
   9.4373980e+01
   7.1281278e+01
   1.6913042e+01
   4.3883350e+01
   4.5464531e+01
   3.5966178e+01
   4.4713776e+01
   3.7477393e+01
   4.5527241e+01
   9.2767861e+00
   7.0390951e+01
   8.3886911e+01
   4.2857633e+01
   5.3540224e+01
   6.0272505e+01
   4.8769360e+01
   4.0777518e+01
   3.2149191e+01
   6.0226032e+01
   7.0862623e+01
   2.9797525e+01
   9.8259810e+01
   2.2949711e+01
   3.0758788e+01
   4.9294870e+01
   4.2711403e+01
   8.3408921e+01
   6.7771836e+01
   1.8463343e+01
   4.9616075e+01
   4.8284700e+01
   6.2342803e+01
   1.4387652e+01
   4.7755982e+01
   3.3934521e+01
   4.2204773e+01
   5.1951607e+01
   7.8033493e+00
   3.7179607e+01
   6.0160562e+01
   8.3793089e+00
   5.4108276e+01
   6.7157300e+01
   4.7952078e+01
   5.2597831e+01
   8.5422203e+01
   4.6245267e+01
   2.8184148e+01
   3.5219215e+01
   6.0453560e+01
   2.3546018e+01
   8.1734439e+01
   5.5036964e+01
   6.3173466e+01
   7.3589090e+01
   1.7317551e+01
   4.9279245e+01
   2.9243552e+01
   2.8067234e+01
   3.2328729e+01
   5.6102538e+01
   8.8615705e+01
   4.4403829e+01
   4.1078152e+01
   2.8223155e+01
   2.3535624e+01
   6.4478348e+01
   5.9149652e+01
   5.9016810e+01
   4.4323929e+01
   7.6609646e+01
   3.9339539e+01
   3.2303344e+01
   5.5505860e+01
   1.7162905e+01
   6.0111347e+01
   7.6130982e+01
   2.0097858e+01
  -5.4606209e+00
   5.8014327e+01
   5.9375527e+01
   6.7995857e+01
   8.8150923e+01
   2.8778979e+01
   7.7060105e+01
   7.6406182e+01
   4.0956717e+01
   6.2171226e+01
   4.5798623e+01
   8.2314934e+01
   6.6252579e+01
   6.9100185e+01
   2.0518809e+01
   3.3951332e+01
   4.5391072e+01
   8.9430095e+01
   4.7319707e+01
   2.1546696e+01
   5.2080604e+01
   5.0525093e+01
   1.5476011e+01
   3.9800130e+01
   4.6454447e+01
   7.8456410e+01
   2.0867157e+01
   5.8905963e+01
   1.5982884e+01
   7.8085591e+00
   3.8487828e+01
   5.8985866e+01
   6.4347350e+01
   4.6339182e+01
