8
12
24
21
17
17
41
2
23
33
12
23
10
3
25
10
10
8
8
21
17
22
1
2
66
15
10
23
4
12
13
15
32
5
17
35
30
22
52
16
31
23
35
27
2
4
6
26
12
7
29
26
32
16
25
8
27
42
3
7
25
16
9
27
22
9
5
30
2
12
14
13
4
19
7
28
12
51
45
14
27
13
9
5
30
28
16
4
9
14
34
12
9
21
16
26
9
22
0
1
39
8
31
11
17
34
9
37
26
9
17
53
23
1
32
32
12
20
19
1
21
30
34
25
6
45
18
6
12
30
8
22
9
11
14
36
4
3
32
6
17
19
45
21
11
2
5
5
24
29
12
14
19
40
37
8
7
12
9
8
24
11
1
2
11
2
10
12
1
53
14
20
1
13
22
16
35
12
4
3
36
15
62
56
15
9
51
59
4
41
39
5
20
30
1
13
6
49
46
27
4
10
15
54
8
7
40
11
37
9
4
29
25
3
41
15
46
16
9
45
40
6
24
11
7
19
8
32
6
38
25
22
44
21
12
3
49
3
17
37
14
6
12
24
21
6
15
17
21
14
4
25
30
6
3
8
33
