23
4
12
21
33
7
30
10
45
46
26
30
9
8
23
26
10
48
8
19
6
24
29
16
53
12
3
13
20
10
29
25
14
36
5
11
21
11
1
34
27
19
8
4
23
7
11
5
10
12
25
4
12
5
37
33
55
21
8
5
60
24
29
13
5
3
13
23
22
7
3
30
8
32
3
21
26
30
34
16
27
2
18
34
1
8
18
9
25
2
13
9
15
24
11
8
7
3
13
50
11
27
11
20
34
20
20
14
52
10
1
25
20
1
8
19
39
7
34
42
20
19
1
3
19
26
27
11
6
18
10
35
7
49
13
7
11
16
24
41
30
42
56
44
1
7
4
25
3
3
9
21
16
13
30
42
9
12
35
6
45
14
31
44
31
26
18
2
7
17
101
23
11
4
28
10
22
33
16
6
23
15
11
14
2
21
12
13
17
17
11
12
13
43
11
19
22
33
53
10
42
33
11
3
24
7
15
6
19
7
10
19
50
15
8
12
27
2
30
