26
14
65
13
24
13
26
26
20
5
3
21
2
12
2
34
1
8
7
34
7
32
15
25
13
16
11
48
12
13
10
52
16
4
26
31
9
11
8
7
5
4
15
18
25
11
13
2
27
58
2
10
28
12
10
2
17
21
5
21
23
20
20
20
5
17
1
12
12
45
9
10
1
17
34
11
21
15
34
3
27
5
14
26
33
17
29
18
11
6
5
24
13
7
4
22
37
16
5
6
26
6
11
24
4
23
38
3
10
15
8
33
36
5
36
22
19
6
7
45
5
22
10
5
61
14
47
30
18
16
25
3
17
17
34
35
24
2
3
19
10
8
32
36
33
16
