37
24
8
5
21
8
11
1
7
15
3
18
12
12
13
4
4
22
67
12
9
6
33
1
33
8
5
3
12
2
10
40
11
35
45
10
34
22
23
19
25
8
9
24
39
4
4
61
40
58
1
4
4
12
6
15
33
8
32
13
5
3
66
6
4
25
33
27
32
1
13
35
6
4
6
17
3
3
12
12
39
3
2
27
2
37
41
4
10
4
56
7
29
10
3
14
10
11
31
13
22
1
4
5
4
7
40
19
54
20
8
18
24
6
9
70
11
39
11
19
38
6
24
1
2
8
25
19
4
9
1
20
25
26
8
6
7
57
1
16
13
47
1
25
22
5
6
2
1
7
22
2
33
29
6
24
34
29
9
3
6
3
13
28
9
2
25
18
23
34
23
2
2
6
6
7
17
11
32
8
18
66
57
14
20
9
15
14
60
24
32
15
15
29
22
3
33
15
1
3
20
22
22
11
8
10
13
32
43
41
46
7
9
20
12
10
13
19
24
21
5
6
14
1
40
5
15
10
1
18
3
17
8
30
4
8
6
17
35
28
19
