   2.9600692e-01
   9.3309382e-02
   6.3615814e-01
   3.4214702e-01
   5.2817530e-01
   8.4962923e-01
   1.7824265e-01
   7.9823796e-01
   6.0477509e-01
   5.9858781e-01
   3.3739768e-01
   1.5591415e-01
   8.1408589e-01
   8.2926860e-01
   8.4299153e-01
   3.9042168e-01
   1.0768455e-01
   3.2760828e-02
   7.9807126e-01
   6.4233560e-01
   5.2484863e-01
   7.9978798e-01
   9.3741286e-01
   9.8560153e-01
   1.5494728e-01
   4.4110203e-01
   2.0083291e-01
   8.0709512e-01
   5.5559115e-01
   4.4581141e-01
   4.6619531e-01
   4.6105605e-01
   2.2160277e-01
   2.4288098e-01
   6.5648926e-01
   5.3776846e-01
   4.1584276e-01
   3.4486924e-01
   2.7833112e-01
   6.9426790e-01
   6.8507620e-01
   2.6615672e-02
   7.6423760e-01
   8.0310303e-01
   6.9055050e-01
   6.6717170e-01
   5.8191399e-01
   8.3138526e-01
   5.9348137e-01
   2.3924637e-01
   4.0023637e-01
   9.0228213e-01
   3.8156033e-01
   7.7429942e-01
   4.6719205e-01
   7.3686287e-01
   2.7760582e-01
   8.0815226e-01
   2.2679665e-01
   5.6455240e-01
   4.8235042e-01
   5.7267914e-01
   6.4062975e-01
   4.5158591e-01
   3.3874400e-01
   5.9576585e-01
   2.6446940e-01
   4.7761294e-01
   5.7907301e-01
   4.0434687e-01
   9.1894664e-02
   4.6131437e-01
   2.4937073e-01
   1.7429314e-01
   4.3312490e-01
   4.3781775e-01
   5.8718938e-01
   1.7535863e-01
   6.2674985e-01
   5.1343063e-01
   7.8565212e-01
   6.3764815e-01
   3.2565177e-01
   2.4001988e-01
   3.8615690e-01
   5.8381305e-01
   3.1984660e-01
   1.9081947e-01
   5.3435782e-01
   4.2520549e-01
   9.0979406e-01
   7.6278583e-01
   1.1557696e-01
   8.1067719e-01
   4.2842166e-01
   5.6722195e-01
   7.6263070e-01
   6.3125519e-01
   8.1060462e-01
   2.4088561e-01
   5.3945707e-01
   3.7479348e-01
   1.6738725e-01
   1.8571780e-01
   8.4710541e-01
   6.9402933e-01
   6.9838836e-01
   5.2089997e-01
   2.8192377e-01
   7.6769582e-01
   1.1377986e-01
   3.0843489e-01
   8.0415401e-01
   1.6348383e-01
   2.6236394e-01
   1.2541086e-01
   3.3852880e-01
   7.1912450e-01
   7.6630608e-01
   3.7296098e-01
   1.7293482e-01
   1.0383850e+00
   5.0509713e-01
   3.5676760e-01
   8.6281777e-01
   9.8986929e-01
   1.5508848e-01
   2.6471866e-01
   7.5612323e-01
   6.9854198e-01
   5.2956814e-01
   7.5047610e-01
   6.6308101e-01
   2.3321299e-01
   2.2011929e-01
   1.2023195e-01
   2.0869801e-01
   6.1878242e-01
   5.7221056e-01
   6.2975178e-01
   7.4350648e-01
   5.2103810e-01
   1.6062673e-01
   7.0373668e-01
   2.8873231e-01
   5.2527691e-01
   6.1087409e-01
   4.9966106e-01
   4.5751447e-01
   8.0878695e-01
   7.4925805e-01
   5.7711689e-01
   3.2901549e-01
   8.1689795e-01
   5.7859765e-01
   3.0066268e-01
   5.8258231e-01
   6.7721387e-01
   1.5622302e-01
   5.7614624e-01
   1.8392033e-01
   7.0081082e-01
   6.4899546e-01
   5.9192415e-01
   1.4038874e-01
   9.0919686e-01
   3.1591422e-01
   9.3069181e-01
   5.2938226e-01
   2.5757202e-01
   6.4165389e-01
   4.3512589e-01
   9.1022167e-01
   5.1866543e-01
   7.9946517e-02
   5.7075682e-01
   3.6720605e-01
   6.7897304e-01
   4.1365433e-01
   5.1857889e-01
   2.6890654e-01
   2.6679087e-01
   5.2291238e-01
   4.6067702e-01
   6.4778661e-01
   8.3564612e-01
   3.7993720e-01
   5.1057426e-01
   4.1554288e-02
   5.7626296e-01
   2.9519190e-01
   1.1017023e+00
   1.9361104e-01
   2.0847387e-02
   4.8781908e-01
   7.4756875e-01
   2.1881316e-01
   4.5727320e-01
   5.5106180e-01
   7.7379170e-01
   4.2503780e-01
   6.3051761e-01
   3.5153737e-01
   2.0367984e-01
   6.2044765e-01
   4.2061012e-01
   3.7150177e-01
   7.1478570e-01
