   3.5458200e+01
   4.8426348e+01
   5.8089839e+01
   3.4257220e+01
   8.2235589e+01
   4.4870058e+01
   3.6009010e+01
   8.5293049e+01
   2.0003877e+01
   4.1263272e+01
   7.0480369e+01
   6.2878908e+01
   4.6229053e+01
   6.4973528e+01
   3.4913559e+01
   4.6391559e+01
   9.9877894e+00
   4.3013857e+01
   2.5421113e+01
   3.3729370e+01
   4.6761441e+01
   6.1382763e+01
   3.5952934e+01
   7.2865558e+01
   7.4187013e+01
   5.8229300e+01
   5.3109641e+01
   3.5620548e+01
   4.4608048e+01
   5.4323924e+01
   2.2248558e+01
   5.3564324e+01
   3.7929719e+01
   4.2039310e+01
   5.7511996e+01
   1.1131496e+01
   7.1094722e+01
   4.8030858e+01
   5.1197565e+01
   5.7835963e+01
   4.1725101e+01
   5.8472100e+01
   4.8601384e+01
   4.9841932e+01
   3.3281696e+01
   2.0816619e+01
   2.1649497e+01
   4.6273792e+01
   5.4832277e+01
   4.5139453e+01
   5.3452468e+01
   3.3309291e+01
   6.4052002e+01
   6.1646409e+01
   8.1156580e+01
   5.5538904e+00
   7.5534433e+01
   5.4255355e+01
   5.1970997e+01
   4.1191260e+01
   8.8029312e+01
  -9.2072795e+00
   4.0643000e+01
   3.0659365e+01
   6.1264426e+01
   2.5806217e+01
   3.6796043e+01
   3.4272868e+01
   2.5743739e+01
   6.5154801e+01
   5.0141257e+01
   5.9711334e+01
   5.6232931e+01
   4.0884985e+01
   5.9126210e+01
   4.1045661e+01
   7.1962607e+01
   3.8627713e+01
   8.0819295e+01
   3.9141288e+01
   1.4290832e+01
   4.8816074e+01
   4.0751449e+00
   5.3816025e+01
   2.9162038e+01
   8.3618745e+01
   3.1780010e+01
   3.1188764e+01
   2.3391110e+01
   3.1811201e+01
   4.9962739e+01
  -2.1697606e+00
   4.9276252e+01
   4.8705359e+01
   6.4882084e+01
   1.4032240e+01
   3.2258614e+01
   3.8315483e+01
   4.8357572e+01
   3.7751503e+01
   7.4025469e+01
   5.1886323e+01
   6.2061546e+01
   4.9367720e+01
   3.7189392e+01
   5.0611966e+01
   2.5850387e+01
   5.1368662e+01
   5.7516323e+01
   3.3132435e+01
   4.5392025e+01
   5.8974628e+01
   2.7783955e+01
   4.1716995e+01
   7.2280124e+01
   5.3362456e+01
   8.1776515e+01
   4.3510751e+01
   8.4491351e+00
   2.7076459e+01
   7.6066506e+01
   3.6604978e+01
   4.9939924e+01
   5.7691118e+01
   4.6294946e+01
   3.2775941e+01
   5.0276259e+01
   4.9099881e+01
   3.3512655e+01
   3.8478647e+01
   7.3914223e+01
   7.5934483e+00
   8.3790949e+01
   5.7925239e+01
   5.3337374e+00
   4.5897050e+01
   3.1507147e+00
   5.3119215e+01
   6.6629030e+01
   6.4730626e+01
   5.4411677e+01
   5.8338212e+01
   1.1682022e+01
   3.8013900e+01
   3.3832441e+01
   5.4834575e+01
   8.3546002e+01
   5.9681621e+01
   6.9874115e+01
   1.6322008e+01
   5.1039342e+01
   7.2425008e+01
   6.2650172e+01
   4.0843406e+01
   3.4817602e+01
   5.6950552e+01
   5.9223817e+01
   5.5883628e+01
   8.2818597e+01
   4.3318773e+01
   9.2141727e+01
   6.8088397e+01
   7.2539581e+01
   6.6568672e+01
   5.8444280e+01
   5.5377368e+01
   8.0329735e+01
   3.4606772e+01
   5.2794386e+01
   4.0152165e+01
   3.2328589e+01
   4.6221062e+01
   4.0758491e+01
   5.3210972e+01
   3.2674945e+01
   3.2818169e+01
   6.3786842e+01
   4.7722136e+01
   3.5145336e+01
   6.0624227e+01
   6.5894218e+01
   3.8914855e+01
   5.4872037e+01
   5.6634642e+01
   2.1485556e+01
   6.4222024e+01
   5.1267962e+01
   6.4748313e+01
   6.1567424e+01
   6.0898402e+01
   8.1180917e+01
   3.4987529e+01
   2.4125184e+01
   6.4506060e+01
   5.8320428e+01
   2.7272142e+01
   6.3645807e+01
   5.5035490e+01
   4.0652145e+01
   6.1124748e+01
   3.7292638e+01
   4.7178491e+01
   5.4381860e+01
   2.9975788e+01
   5.6576969e+01
   3.1642955e+01
   7.0078790e+01
   2.4819996e+01
   1.9410073e+01
   3.4392536e+01
   6.8854666e+01
   5.0895860e+01
   2.7377864e+01
   5.9800816e+01
   3.6207067e+01
   2.0274513e+01
   6.7723021e+01
   5.0577993e+01
   4.2124580e+01
   2.1082304e+01
   4.5379062e+01
   4.6343718e+01
   3.7457999e+01
   6.4775501e+01
   6.8428930e+01
   3.6712787e+01
   3.6596854e+01
   6.2256351e+01
   6.9606871e+01
   6.5877999e+01
   7.2365359e+01
   7.2422299e+01
   5.3366587e+01
   3.9768786e+01
   5.0784187e+01
   6.5978102e+01
   2.0800899e+01
   7.5899242e+01
   3.3204093e+01
   1.3282528e+01
   6.6747205e+01
   6.3774710e+01
   4.7408880e+01
   3.2857369e+01
   2.4069305e+01
   2.6921217e+01
   3.0854631e+01
   6.6583039e+01
   2.9561886e+01
   3.1594779e+01
   5.1922508e+01
   4.1595502e+01
   2.1581132e+01
   6.5222361e+01
   3.1137306e+01
   4.2593762e+01
   7.7235366e+01
   3.3726062e+01
   2.5001355e+01
   5.6663747e+01
   6.5422537e+01
   5.0974508e+01
   6.7421926e+01
   5.5750398e+01
   3.6601882e+01
   3.8272980e+01
   3.4803041e+01
   4.8697178e+01
   3.1040624e+01
   5.3681248e+01
   6.0650813e+01
