   3.3331912e-01
   5.1404213e-01
   6.6312572e-01
   2.6976347e-01
   1.0286128e+00
   4.2298099e-01
   2.6017607e-01
   1.0915868e+00
   7.5236275e-02
   3.8814463e-01
   8.0193799e-01
   6.8258724e-01
   4.6076189e-01
   8.2555630e-01
   3.4879015e-01
   4.8473227e-01
  -3.4704328e-02
   3.8036294e-01
   7.4483443e-02
   3.0572525e-01
   5.2974510e-01
   7.6352376e-01
   3.4073977e-01
   9.6769175e-01
   9.0951837e-01
   6.7911319e-01
   5.8780076e-01
   2.7453031e-01
   4.3065332e-01
   6.0913999e-01
   1.4762493e-01
   6.7238570e-01
   3.4459868e-01
   4.5216186e-01
   6.9512311e-01
  -1.2527854e-01
   8.9245094e-01
   5.4084640e-01
   5.0206992e-01
   6.4264175e-01
   3.7261030e-01
   6.1347278e-01
   5.2590728e-01
   5.1298984e-01
   3.2639434e-01
   8.5244195e-02
   1.2105204e-01
   4.9253280e-01
   6.5107621e-01
   5.4655014e-01
   5.3547474e-01
   1.8938172e-01
   7.9902633e-01
   7.2195818e-01
   1.0071599e+00
  -1.2563146e-01
   9.6112441e-01
   6.0492378e-01
   5.9512384e-01
   4.6703144e-01
   1.0616633e+00
  -3.4433340e-01
   4.0863500e-01
   1.8630498e-01
   6.7746360e-01
   1.5151330e-01
   3.0719039e-01
   2.5852259e-01
   1.1028618e-01
   8.8876762e-01
   4.8231675e-01
   7.1319810e-01
   6.9907056e-01
   4.2898184e-01
   7.2502103e-01
   3.8145662e-01
   9.0235853e-01
   3.3514568e-01
   9.8123207e-01
   3.7028954e-01
  -2.4601903e-02
   5.2281663e-01
  -1.4938776e-01
   6.1500520e-01
   1.7472890e-01
   1.0175297e+00
   2.5325469e-01
   2.1462790e-01
   1.5113977e-01
   2.7823999e-01
   5.4536265e-01
  -1.9438876e-01
   5.3887818e-01
   5.5855158e-01
   8.2100430e-01
  -3.4130335e-02
   3.2463539e-01
   3.4772755e-01
   5.1351286e-01
   3.0227614e-01
   8.3508902e-01
   5.6846757e-01
   7.0725706e-01
   5.1449675e-01
   3.3712840e-01
   5.8841208e-01
   1.7635063e-01
   5.7256977e-01
   6.5432460e-01
   3.2186421e-01
   4.6348585e-01
   6.3967014e-01
   2.0847493e-01
   3.7563341e-01
   8.8343871e-01
   6.0763360e-01
   1.0855994e+00
   4.4141466e-01
  -8.9578001e-02
   1.7492376e-01
   9.2304719e-01
   5.9269257e-01
   7.0942123e-01
   4.8034230e-01
   2.7534863e-01
   5.2958296e-01
   5.6029423e-01
   2.0116168e-01
   3.6363689e-01
   9.1636470e-01
  -8.7968710e-02
   1.0831609e+00
   6.9771425e-01
  -1.9312533e-01
   4.6222047e-01
  -1.8095849e-01
   6.5342176e-01
   7.1490052e-01
   7.5334826e-01
   5.8795218e-01
   6.5514924e-01
  -3.1187401e-02
   3.1251371e-01
   1.2902419e-01
   4.9487597e-01
   1.1077979e+00
   7.4691468e-01
   8.5302480e-01
   1.7529720e-02
   5.9438875e-01
   8.5956284e-01
   7.6249898e-01
   4.4982434e-01
   3.4367429e-01
   6.0689668e-01
   6.7601399e-01
   5.9075950e-01
   1.0107398e+00
   4.7229190e-01
   1.1989835e+00
   7.8404212e-01
   8.6984922e-01
   6.9421422e-01
   6.5709833e-01
   5.7601511e-01
   9.7164683e-01
   3.0157458e-01
   5.2908398e-01
   3.2609793e-01
   2.6115501e-01
   5.1720696e-01
   3.8682136e-01
   5.8798078e-01
   2.5789521e-01
   3.0918777e-01
   6.9042946e-01
   5.6520011e-01
   2.8934607e-01
   6.8223404e-01
   7.8640201e-01
   4.1855782e-01
   6.3521086e-01
   6.9763292e-01
   2.9291578e-02
   7.6250940e-01
   5.2796229e-01
   8.0332034e-01
   7.4828379e-01
   7.5599537e-01
   1.0589904e+00
   3.7429673e-01
   1.5717535e-01
   7.0738248e-01
   6.0254725e-01
   1.6490136e-01
   8.1126097e-01
   6.7131023e-01
   3.5117844e-01
   6.9818607e-01
   3.6035454e-01
   4.7774245e-01
   5.5906183e-01
   2.1159706e-01
   6.2039933e-01
   2.2929629e-01
   8.6717379e-01
   8.0704905e-02
   1.0892952e-01
   3.1442506e-01
   8.6200581e-01
   5.6412854e-01
   1.3991625e-01
   6.3253216e-01
   3.2142019e-01
   2.0194890e-02
   8.0134222e-01
   4.9872982e-01
   4.1716889e-01
   8.6632291e-02
   5.4350818e-01
   4.5147725e-01
   3.8358312e-01
   7.2501657e-01
   9.0512315e-01
   3.6366591e-01
   2.7899708e-01
   7.4984090e-01
   8.3628892e-01
   7.3910911e-01
   9.1795966e-01
   8.9461531e-01
   5.8665541e-01
   3.5964833e-01
   5.6517283e-01
   8.5876613e-01
   9.7852308e-02
   9.4272865e-01
   3.4007678e-01
  -1.0892577e-02
   8.3191380e-01
   8.1969471e-01
   4.7919847e-01
   2.8500870e-01
   1.8171701e-01
   1.8933935e-01
   2.6772524e-01
   7.8400728e-01
   2.1117992e-01
   3.3899542e-01
   6.3252517e-01
   3.8505782e-01
   9.5256268e-02
   8.0315040e-01
   2.4418857e-01
   4.2604241e-01
   8.9374900e-01
   2.6485538e-01
   1.6067428e-01
   6.5136783e-01
   6.9709445e-01
   5.5109630e-01
   7.2831910e-01
   5.6411712e-01
   3.8379355e-01
   4.0873784e-01
   3.3430834e-01
   4.6475960e-01
   2.0668970e-01
   5.4286228e-01
   7.5008704e-01
