   4.6340413e+01
   5.3984304e+01
   6.0018995e+01
   5.1086465e+01
   7.0958538e+01
   5.3442723e+01
   4.9196111e+01
   7.8461148e+01
   3.3100669e+01
   5.0289027e+01
   6.9315244e+01
   6.3961526e+01
   5.2937110e+01
   6.5827805e+01
   4.8480192e+01
   5.7193608e+01
   2.5569360e+01
   4.9177356e+01
   3.4602285e+01
   4.6268397e+01
   5.0814806e+01
   6.3273280e+01
   5.1146766e+01
   6.9450838e+01
   6.9376300e+01
   6.3850035e+01
   5.7930082e+01
   4.4375805e+01
   5.2349471e+01
   5.6766201e+01
   3.2631301e+01
   6.2140919e+01
   4.6493226e+01
   5.5213872e+01
   6.3675902e+01
   2.7728345e+01
   7.3207843e+01
   5.2030983e+01
   5.5421795e+01
   5.9483041e+01
   5.1303324e+01
   6.2006951e+01
   5.1663449e+01
   4.9607320e+01
   4.6766084e+01
   4.0912579e+01
   3.7607930e+01
   5.6362824e+01
   5.9421461e+01
   5.7394204e+01
   5.9190077e+01
   3.7915230e+01
   6.5370593e+01
   5.8526720e+01
   7.2537806e+01
   2.2175153e+01
   7.2726117e+01
   6.1807116e+01
   5.9971177e+01
   5.1303536e+01
   8.2675332e+01
   2.8531139e+00
   4.7034155e+01
   4.5772451e+01
   6.3543959e+01
   3.1524348e+01
   4.7981206e+01
   4.1829572e+01
   3.5346159e+01
   6.8760943e+01
   5.6778502e+01
   6.6522366e+01
   6.4848092e+01
   5.1376936e+01
   6.4704386e+01
   4.6737147e+01
   6.9524495e+01
   4.6692557e+01
   7.3134758e+01
   4.8263617e+01
   3.1009125e+01
   5.4428294e+01
   1.7607649e+01
   6.1332623e+01
   3.9564866e+01
   7.3650064e+01
   4.3086194e+01
   4.2973226e+01
   3.5499239e+01
   4.2703986e+01
   5.4017449e+01
   1.3403649e+01
   5.6520370e+01
   5.6671940e+01
   6.6224275e+01
   2.7577923e+01
   4.1174514e+01
   4.3775945e+01
   5.5514991e+01
   4.8087375e+01
   6.6781735e+01
   5.8254116e+01
   6.4084896e+01
   5.6571869e+01
   4.7188570e+01
   5.9759432e+01
   4.2902539e+01
   5.4806201e+01
   6.2021541e+01
   4.5747609e+01
   5.2696178e+01
   5.8787804e+01
   4.3695656e+01
   4.8234563e+01
   6.2353445e+01
   5.7412495e+01
   7.2238965e+01
   4.7619724e+01
   2.0937605e+01
   3.5653665e+01
   7.1079898e+01
   5.9157442e+01
   6.4234423e+01
   5.6198670e+01
   4.2934383e+01
   5.6837053e+01
   5.9721155e+01
   3.9480316e+01
   4.7154942e+01
   7.2173073e+01
   2.1367259e+01
   7.8085281e+01
   5.9299160e+01
   1.9406026e+01
   5.0284997e+01
  -2.1149170e+00
   5.5665917e+01
   6.1336050e+01
   6.7230952e+01
   6.1351371e+01
   5.7328645e+01
   2.4688334e+01
   4.2684377e+01
   4.3133081e+01
   5.2252814e+01
   7.4793724e+01
   6.1443622e+01
   6.8448947e+01
   3.0950442e+01
   6.0431496e+01
   6.8696357e+01
   6.1734401e+01
   4.7085391e+01
   4.7888302e+01
   5.4602884e+01
   6.3342573e+01
   6.2307861e+01
   7.2300585e+01
   5.2388768e+01
   7.8823904e+01
   6.4068448e+01
   6.8234190e+01
   6.0354872e+01
   6.2053963e+01
   5.6811965e+01
   7.0730799e+01
   5.1773384e+01
   5.1879777e+01
   4.6974874e+01
   4.4080632e+01
   5.8201962e+01
   4.7914179e+01
   5.4460266e+01
   4.6828407e+01
   4.7025864e+01
   6.2444196e+01
   5.9052248e+01
   4.6989949e+01
   6.1461365e+01
   6.3602921e+01
   4.9976568e+01
   5.9952374e+01
   6.2685616e+01
   4.2108183e+01
   6.3427496e+01
   5.9000861e+01
   6.6079878e+01
   6.4961931e+01
   6.2752021e+01
   7.4021030e+01
   4.8952043e+01
   4.1259535e+01
   6.3902126e+01
   5.8570223e+01
   3.9676522e+01
   6.1971182e+01
   5.7711314e+01
   4.9018248e+01
   6.4807694e+01
   4.9744980e+01
   5.3031492e+01
   5.7395358e+01
   4.2221690e+01
   5.6428054e+01
   4.5960811e+01
   7.0442635e+01
   2.9103275e+01
   3.3266829e+01
   4.6944738e+01
   6.8945082e+01
   5.3021918e+01
   3.8763900e+01
   6.0840380e+01
   4.8495165e+01
   3.5826097e+01
   6.3110545e+01
   5.5719877e+01
   5.2558160e+01
   3.8824688e+01
   5.6170533e+01
   5.3259193e+01
   5.0042417e+01
   6.5301629e+01
   6.7288502e+01
   4.6760730e+01
   4.5565081e+01
   6.2272292e+01
   6.7981476e+01
   6.6386775e+01
   6.7381858e+01
   7.4813538e+01
   6.0651643e+01
   5.4123840e+01
   6.1912141e+01
   6.6745329e+01
   3.6771561e+01
   6.9641654e+01
   4.2670966e+01
   3.2053467e+01
   6.8698348e+01
   6.7407923e+01
   5.4775531e+01
   4.5945858e+01
   4.1025068e+01
   4.1839693e+01
   4.2229233e+01
   6.8058715e+01
   4.3109037e+01
   4.3611252e+01
   5.9196418e+01
   5.0587382e+01
   3.4978052e+01
   6.6562395e+01
   3.9279834e+01
   5.3713438e+01
   7.1352239e+01
   4.4673359e+01
   4.0036889e+01
   6.0446631e+01
   6.1882251e+01
   5.5684691e+01
   6.6786520e+01
   6.0580039e+01
   5.2829803e+01
   4.7219849e+01
   4.8590048e+01
   5.6160704e+01
   3.9755700e+01
   5.3192763e+01
   6.1361487e+01
