27
17
18
24
29
8
17
4
8
19
21
6
16
13
16
30
1
9
20
23
34
1
67
5
3
37
34
31
7
17
8
16
20
26
18
31
4
8
10
13
18
32
37
6
28
6
15
8
3
15
35
5
20
13
33
1
39
14
3
20
12
4
10
16
4
44
69
51
31
43
5
9
38
19
26
32
29
1
28
30
26
26
36
7
27
13
2
24
54
2
34
42
29
19
35
17
39
4
75
13
12
5
16
25
22
32
2
12
5
21
23
1
21
2
13
9
2
12
35
7
15
15
12
43
15
13
2
44
11
23
24
19
29
30
31
9
19
30
24
31
38
68
24
35
7
4
8
12
11
23
27
51
4
14
36
12
20
39
33
4
47
37
7
14
14
33
7
2
49
38
52
23
17
9
14
24
4
19
37
51
2
35
46
25
31
2
6
9
9
7
28
9
3
21
28
33
29
26
37
1
13
23
7
25
25
9
41
9
35
8
18
3
7
1
35
18
28
6
4
13
15
25
37
4
8
13
39
30
16
11
26
25
40
34
31
13
34
5
13
11
40
6
24
15
3
23
22
3
29
14
1
1
6
3
11
4
32
8
4
34
12
30
19
15
53
12
28
31
47
29
10
24
9
27
27
25
21
32
6
35
17
18
59
8
22
48
23
14
5
13
36
9
29
7
21
