   3.8491648e+01
   2.1896941e+00
   5.0841893e+01
   5.3337395e+01
   6.1690436e+01
   6.3204456e+01
   2.6859373e+01
   7.4526483e+01
   2.4976906e+01
   7.8249645e+01
   3.9803788e+01
   4.0688383e+01
   7.6315501e+01
   6.2667008e+01
   6.7584827e+01
   4.1317121e+01
   6.1226999e+00
   6.7055687e+01
   7.3902252e+01
   3.0832152e+01
   8.5530654e+01
   4.6501565e+01
   6.5608082e+01
   2.1252073e+01
   5.8408362e+01
   2.8922685e+01
   5.2520334e+01
   3.6705950e+01
   6.5166658e+01
   6.3230170e+01
   3.6257020e+01
   5.8940707e+01
   5.1622385e+01
   7.6724981e+01
   3.8360948e+01
   4.2141425e+01
   4.2631392e+01
   2.0906713e+01
   3.6917369e+01
   7.8926912e+01
   4.5663882e+01
   4.2012383e+01
   7.7717350e+01
   4.9211829e+01
   5.3359060e+01
   6.0063240e+01
   9.6674646e+01
   3.6121234e+01
   4.0820771e+01
   7.4706048e+01
   4.8901961e+01
   5.1119467e+01
   5.7984020e+01
   7.4618769e+01
   6.2092113e+01
   8.1853393e+01
   3.4371760e+01
   6.9725967e+01
   2.6904930e+01
   6.0366708e+01
   3.9565584e+01
   5.7672426e+01
   1.9459060e+01
   2.6876000e+01
   5.8667027e+01
   3.3477373e+01
   5.7277299e+01
   4.5148805e+01
   6.1595524e+01
   3.6375194e+01
   6.6293513e+01
   7.9687252e+01
   5.6244014e+01
   3.1946092e+01
   3.6764086e+01
   6.6648785e+01
   3.4413127e+01
   5.1635535e+01
   7.0215400e+01
   4.1570009e+01
   5.2484771e+01
   4.2005122e+01
   5.6318094e+01
   4.2681587e+01
   5.2953275e+01
   6.2567973e+01
   1.8728762e+01
   3.6191598e+01
   4.0987685e+01
   7.6264176e+01
   8.6136002e+01
   3.2821009e+01
   9.2659920e+01
   6.1579510e+01
   6.0287523e+01
   6.4838365e+01
   3.9499686e+01
   6.8910319e+01
   6.0032111e+01
   5.2957522e+01
   1.7629240e+01
   7.2721850e+01
   7.7745829e+01
   4.6480423e+01
   2.8224589e+01
   4.9124169e+01
   6.8978026e+01
   6.8436077e+01
   3.6505754e+01
   5.2151386e+01
   4.0096255e+01
   1.8753529e+01
   8.0488603e+01
   6.1464764e+01
   7.3346551e+01
   4.8066093e+01
   3.5300503e+01
   5.4104387e+01
   4.2555067e+01
   3.8709936e+01
   6.8130447e+01
   4.2939953e+01
   5.7747992e+01
   1.3803036e+01
   1.0217441e+02
   5.7756588e+01
   6.9991236e+01
   5.5859267e+01
   6.3057960e+01
   3.7129342e+01
   6.8907575e+01
   8.0158356e+01
   5.6459017e+01
   6.6219389e+01
   4.7276152e+01
   5.8584931e+01
   4.5537691e+01
   2.6542569e+01
   3.0243250e+01
   3.0701760e+01
   5.7581687e+01
   5.8515218e+01
   7.4679010e+01
   2.5202278e+01
   6.8768733e+01
   6.9421256e+01
   4.6162534e+01
   3.5130097e+01
   4.0594726e+01
   5.9616879e+01
   2.9420676e+01
   8.1553512e+01
   5.9229793e+01
   6.9099123e+01
   3.2271214e+01
   4.9284599e+01
   6.2463664e+01
   3.1307529e+01
   3.3020807e+01
   6.3886443e+00
   3.2811494e+01
   4.7970203e+01
   2.7162060e+01
   7.6979297e+01
   3.6816770e+00
   4.8083632e+01
   3.9280525e+01
   6.2272580e+01
   2.1944531e+01
   7.1650764e+01
   6.4119459e+01
   4.7175186e+01
   4.9751124e+01
   8.5312899e+01
   4.3663167e+01
   7.7689056e+01
   6.1967701e+01
   3.7595027e+01
   6.7013620e+01
   3.2049583e+01
   5.0721466e+01
   7.2106121e+01
   6.2146419e+01
   6.9665973e+00
   4.7990252e+01
   6.5347299e+01
   5.8915940e+01
   6.8452740e+01
   4.5034890e+01
   9.7730230e+01
   6.4859202e+01
   4.2417433e+01
   2.6844990e+01
   6.3588314e+01
   4.3725533e+01
   9.8752738e+01
   4.2432101e+01
   6.4161408e+01
   5.6975605e+01
   7.9190557e+01
   6.3860621e+01
   6.1123965e+01
   4.7751641e+01
   4.3806687e+01
   2.7363221e+01
   4.3896444e+01
   7.2751045e+01
   4.2387318e+01
   5.2652518e+01
   4.6405285e+01
   6.5214648e+01
   2.7908810e+01
   2.8349224e+01
   2.2768396e+01
   2.5924065e+01
  -3.3242207e-01
   2.6104446e+01
  -8.0166303e-03
   6.8629035e+00
   1.5628013e+00
