19
15
10
3
20
8
28
8
49
5
10
32
9
3
2
36
2
7
22
24
6
10
2
2
29
4
49
16
3
15
22
25
34
2
5
24
66
52
5
17
9
3
24
55
18
92
33
3
19
32
5
47
2
3
1
3
6
7
12
13
4
3
29
16
12
47
37
12
55
9
22
2
17
12
57
15
39
10
24
34
9
1
10
19
3
13
5
27
39
9
9
9
15
4
27
18
3
10
10
50
5
1
12
17
2
6
3
54
10
24
16
14
3
8
3
17
42
3
37
6
9
50
26
18
15
14
55
10
21
13
8
16
13
19
23
4
3
10
58
18
14
27
21
11
33
29
14
18
6
28
55
64
36
13
15
18
6
13
20
12
14
5
2
16
7
34
53
8
4
45
19
11
46
8
9
22
1
8
8
31
3
5
15
23
5
7
47
4
7
41
59
22
15
4
6
13
12
12
1
21
24
29
37
2
12
3
2
9
21
8
33
3
4
29
17
34
13
33
19
7
35
18
6
24
18
6
16
15
12
8
10
4
4
9
22
16
22
28
7
12
27
4
50
23
3
6
5
