36
11
16
9
45
11
16
11
8
23
11
33
2
25
2
7
8
10
23
22
19
4
17
11
1
13
15
22
10
7
10
10
4
42
12
7
47
45
2
27
1
19
28
39
23
34
6
25
48
5
34
15
9
8
4
9
2
18
22
24
3
7
86
34
10
23
8
6
27
9
30
7
19
60
33
1
32
14
59
14
20
20
10
9
10
5
4
13
12
19
14
14
8
22
12
2
24
62
11
11
34
17
10
22
7
17
16
8
19
5
12
10
8
34
9
16
46
1
10
24
2
11
19
4
30
20
8
11
22
55
24
9
9
42
3
5
17
16
20
17
15
6
11
11
61
8
42
25
8
9
20
5
12
10
2
5
9
17
18
2
8
3
1
22
6
23
6
16
24
8
10
64
4
18
16
12
13
6
2
33
5
7
65
42
11
38
24
5
15
34
35
36
14
9
8
39
1
7
11
25
4
40
5
6
3
9
19
10
4
41
13
11
18
25
5
12
18
21
14
8
4
11
28
1
35
3
28
7
21
1
26
5
5
4
26
7
6
46
18
6
18
37
23
17
6
12
11
9
10
10
23
17
1
18
4
6
5
12
19
31
29
21
23
24
10
12
25
24
9
22
20
18
1
5
16
14
37
13
38
14
31
19
1
15
3
40
18
13
7
4
