   8.2288616e+01
   2.8542795e+01
   3.1302880e+01
   6.4889146e+01
   7.2498885e+01
   4.6164171e+01
   5.0514841e+01
   2.8377235e+01
   9.5545589e+01
   2.3660588e+01
   4.6434708e+01
   7.4550220e+01
   5.1043807e+01
   3.4451265e+01
   5.4971577e+01
   4.3898743e+01
   3.9777181e+01
   1.3995116e+01
   2.3773134e+01
   2.2643892e+01
   5.0224774e+01
   1.6751066e+01
   3.5311113e+01
   3.9695859e+01
   4.3230056e+01
   1.0719180e+02
   6.7951739e+01
   6.2687117e+01
   5.2090343e+01
   4.7759909e+01
   4.4694935e+01
   1.3829319e+01
   6.6711293e+01
   4.9619799e+01
   3.0380148e+01
   7.3259289e+01
   1.8844009e+01
   6.3448716e+01
   3.9283276e+01
   4.5886147e+01
   6.1329466e+01
   1.8857463e+01
   8.0890699e+01
   2.5573183e+01
   2.8454414e+01
   2.8267495e+01
   4.5582926e+01
   3.4910769e+01
   5.3577855e+01
   5.6126800e+01
   7.2675174e+01
   8.5027408e+01
   5.7928238e+01
   5.5134511e+01
   7.0513018e+01
  -9.2196073e+00
   6.5093795e+01
   9.7050569e+01
   8.4196614e+01
   5.5480118e+01
   9.7605281e+01
   9.5081168e+00
   1.9992592e+01
   4.6152904e+01
   6.2033297e+01
   3.1778696e+01
   2.8925667e+01
   6.8865225e+01
   7.8047025e+01
   7.9362181e+01
   5.1296960e+01
   4.7879376e+01
   4.7726901e+01
   4.3900027e+01
   6.2590181e+01
   4.8187302e+01
   5.0324718e+01
   7.8099676e+01
   4.2096356e+01
   5.9176596e+01
  -4.9322298e+00
   5.3393844e+01
   3.2616279e+01
   1.0300242e+02
   2.5817493e+01
   1.8165615e+01
   2.8980558e+01
   4.2139971e+01
   4.8061429e+01
   8.0042391e+01
   1.9563197e+01
   1.5077271e+01
   5.5052956e+01
   3.3868893e+01
   6.3058232e+01
   2.0250277e+01
   4.2870708e+01
   7.8542548e+01
   4.3516707e+01
   3.7423615e+01
   6.1099119e+01
   5.9439432e+01
   6.0295103e+01
   4.0305283e+01
   8.1818606e+01
   3.2685948e+01
   2.0237003e+01
   4.5219524e+01
   6.6519767e+01
   6.2073144e+01
   3.2055979e+01
  -1.9978201e+01
   2.8840575e+01
   4.7066897e+01
   5.1674116e+01
   5.7911470e+01
   4.9505090e+01
   5.2789153e+01
   9.0606219e+01
   4.6911764e+01
   1.5240742e+01
   3.8892147e+01
   4.5369257e+01
   8.2865246e+00
   7.1536635e+01
   7.1571365e+01
   9.6004116e+00
   4.7196882e+01
  -1.0529958e+01
   6.6424888e+01
   8.1031139e+01
   6.6359051e+01
   6.7470754e+01
   5.6598283e+01
   6.3440774e+00
   4.1168750e+01
   6.6286156e+01
   3.4804032e+01
   8.7817728e+01
   7.9957736e+01
   7.1473339e+01
   3.6076614e+01
   6.0278952e+01
   3.4910592e+01
   4.4661830e+01
   3.3954541e+01
   4.4679472e+01
   3.9657538e+01
   7.5597377e+01
   7.4834595e+01
   5.2742387e+01
   5.6400001e+01
   6.5185357e+01
   4.7126568e+01
   6.5614251e+01
   5.2719252e+01
   6.3607128e+01
   7.0653937e+01
   4.4497001e+01
   1.8359001e+01
   5.1075496e+01
   1.9440996e+01
   7.6355241e+01
  -3.6003834e+00
   8.1473206e+00
   2.5174521e+01
   5.1623211e+01
   3.6013824e+01
   6.1309764e+01
   2.9500927e+01
   5.8656346e+01
   5.3390001e+01
   4.1388203e+01
   5.0722180e+01
   7.0105587e+01
   4.0292396e+01
   3.2756909e+01
   7.8106134e+01
   7.1043548e+01
   6.7045302e+01
   5.5998606e+01
   8.3608530e+01
   3.1429863e+01
   2.9226505e+01
   5.6553034e+01
   7.0830336e+01
   6.3241214e+00
   6.6535308e+01
   3.0815151e+01
   7.8961050e+01
   8.6710080e+01
   5.4660334e+01
   8.4588266e+01
   2.3010907e+01
  -1.5333938e+01
   3.7883726e+01
   6.3187895e+01
   4.4076983e+01
   7.4058807e+01
   1.2434690e+01
   5.2297934e+01
   1.6486059e+01
   8.1266472e+01
   2.0118356e+01
   1.8822010e+01
  -8.9375378e+00
   2.7619719e+01
   6.4614764e+01
   1.1051358e+01
   6.3998430e+01
   3.9150654e+01
   2.4997531e+01
   7.1529547e+01
   5.4192904e+01
   6.8955319e+01
   7.4075402e+01
   1.0336333e+02
   4.2541855e+01
   8.7795502e+00
   4.0279864e+01
   3.8440463e+01
   6.0847680e+01
  -4.7830526e+00
   6.1768194e+01
   4.3513867e+01
   4.4275412e+01
   7.3020156e+01
   7.8162225e+01
   2.9881361e+01
   6.0139436e+01
   7.8057510e+01
   6.4560230e+01
   2.2952946e+01
   3.9384289e+01
   2.6485199e+01
   9.2368143e+00
   7.1228487e+01
   3.6962764e+01
   7.1171737e+01
   1.0309233e+01
   3.5880916e+01
   1.6173509e+01
   1.5324856e+01
   1.0257978e+02
   1.8644236e+01
   2.2670062e+01
   6.0605471e+01
   7.4152838e+01
   2.7271665e+01
   7.2568741e+01
   6.9858205e+01
   6.1746755e+01
   4.4370834e+01
   4.7684247e+01
   6.3453217e+01
   5.1305382e+01
   7.1776805e+01
   6.2713761e+01
   4.1357933e+01
   3.0405069e+01
   1.4018276e+01
   4.2530015e+01
   2.9612826e+01
   4.8238049e+01
   5.0974438e+01
   4.9649564e+01
