   8.0810256e+01
   2.2375697e+01
   2.8623214e+01
   6.4471695e+01
   7.9610966e+01
   4.3567026e+01
   4.7716566e+01
   2.1335928e+01
   9.8904577e+01
   1.8018311e+01
   4.7024559e+01
   7.7309578e+01
   4.5825005e+01
   3.2234374e+01
   5.5777257e+01
   4.1972868e+01
   3.7315419e+01
   6.9834962e+00
   2.2074684e+01
   2.0397381e+01
   5.1750396e+01
   8.9779806e+00
   2.8248449e+01
   3.8941312e+01
   4.1462119e+01
   1.0621724e+02
   6.9468783e+01
   5.9224045e+01
   5.1330337e+01
   4.2971775e+01
   3.8022579e+01
   9.5290383e+00
   6.6700664e+01
   4.4413459e+01
   2.7643434e+01
   7.7186275e+01
   1.4807794e+01
   6.5287682e+01
   3.2321088e+01
   4.4292511e+01
   6.0472229e+01
   1.3251737e+01
   8.3531080e+01
   2.0874397e+01
   2.5625393e+01
   2.4497013e+01
   4.2150644e+01
   2.9282954e+01
   5.5772400e+01
   5.4211397e+01
   7.3164890e+01
   8.8348077e+01
   5.4848007e+01
   5.3370076e+01
   7.1601451e+01
  -1.4511478e+01
   6.4063523e+01
   9.6912404e+01
   8.8184116e+01
   5.3692036e+01
   9.9906311e+01
   5.2888489e+00
   1.6375884e+01
   4.3184737e+01
   6.2012452e+01
   3.0378569e+01
   1.9641684e+01
   7.2134143e+01
   8.2989795e+01
   8.2682910e+01
   4.6333577e+01
   4.6041847e+01
   4.4629981e+01
   4.1618393e+01
   6.3598078e+01
   4.6120547e+01
   4.7959204e+01
   7.9226428e+01
   3.9320113e+01
   6.0246484e+01
  -1.3532388e+01
   5.3304975e+01
   2.8171469e+01
   1.0732247e+02
   2.0260390e+01
   1.8511222e+01
   2.6603722e+01
   3.8288063e+01
   4.6469652e+01
   8.0510353e+01
   1.3932658e+01
   8.1803244e+00
   5.4216227e+01
   2.7061018e+01
   6.3726161e+01
   1.5421838e+01
   4.4692326e+01
   7.6570981e+01
   4.2090312e+01
   3.5800619e+01
   6.1552257e+01
   6.0066359e+01
   6.3881247e+01
   4.0866529e+01
   8.6179756e+01
   2.7933148e+01
   1.2201982e+01
   4.0534119e+01
   6.5132479e+01
   6.0390140e+01
   2.7437030e+01
  -2.7430903e+01
   2.3353719e+01
   4.5980983e+01
   5.0102235e+01
   5.2492006e+01
   4.9380604e+01
   5.3002075e+01
   9.2129548e+01
   4.5768434e+01
   1.0529849e+01
   3.5832669e+01
   4.4994092e+01
   3.3629389e+00
   6.9802594e+01
   7.2435258e+01
   2.5411913e+00
   4.5969268e+01
  -1.7117135e+01
   6.3451848e+01
   8.0381552e+01
   6.4006671e+01
   6.8901014e+01
   5.4140807e+01
   4.9709451e+00
   4.1835130e+01
   6.1549849e+01
   2.7694861e+01
   8.9643543e+01
   8.1650467e+01
   7.2058526e+01
   3.6291130e+01
   5.6873536e+01
   3.2868441e+01
   4.3817548e+01
   2.6662654e+01
   4.3572317e+01
   3.8215936e+01
   7.3157221e+01
   7.5267543e+01
   5.2453039e+01
   5.8281781e+01
   6.4216728e+01
   4.3664567e+01
   6.9362475e+01
   5.0829194e+01
   6.3020646e+01
   7.1808559e+01
   4.6620457e+01
   1.4125512e+01
   4.7339217e+01
   1.3354645e+01
   7.4899500e+01
  -7.6805303e+00
   3.1798639e+00
   2.1969115e+01
   4.8886914e+01
   3.3717294e+01
   6.4252013e+01
   2.5407570e+01
   5.9278459e+01
   5.3277446e+01
   3.8750390e+01
   4.6244124e+01
   6.9976934e+01
   4.0544853e+01
   3.0054495e+01
   7.8590628e+01
   7.1329326e+01
   6.5640066e+01
   5.2156748e+01
   8.6240159e+01
   2.5579214e+01
   2.3575590e+01
   5.7559930e+01
   7.3409910e+01
   3.9468656e-01
   6.4169593e+01
   2.7553621e+01
   7.9780895e+01
   9.0878991e+01
   5.3185790e+01
   8.5907672e+01
   1.7175231e+01
  -1.8295739e+01
   3.2133398e+01
   5.9003558e+01
   4.6129650e+01
   7.5332832e+01
   3.0538143e+00
   5.2955679e+01
   1.0531807e+01
   8.1196514e+01
   1.6768090e+01
   1.5837411e+01
  -1.5189772e+01
   2.6510459e+01
   6.5193142e+01
   1.1090418e+01
   6.5306820e+01
   3.8915467e+01
   1.9727958e+01
   7.1695907e+01
   5.5290143e+01
   6.6988225e+01
   6.9792316e+01
   1.0525228e+02
   3.9860066e+01
   6.1240617e+00
   3.6200952e+01
   3.6319245e+01
   6.1423280e+01
  -1.3747386e+01
   6.0294210e+01
   3.8702528e+01
   3.7945349e+01
   7.6937360e+01
   7.9471795e+01
   2.5996299e+01
   5.9159298e+01
   8.0721895e+01
   6.5781708e+01
   2.1288329e+01
   3.5952821e+01
   2.5638005e+01
   9.0611757e-01
   7.1455893e+01
   3.4576863e+01
   6.9127508e+01
   6.9997427e+00
   3.1405397e+01
   1.1491045e+01
   1.2177355e+01
   1.0673038e+02
   1.5322451e+01
   1.7074932e+01
   6.2243896e+01
   7.9817718e+01
   2.6382564e+01
   7.5081482e+01
   6.9309850e+01
   6.3142209e+01
   4.5397930e+01
   4.5251064e+01
   6.0881831e+01
   4.8729303e+01
   7.2618570e+01
   5.8864749e+01
   4.1424453e+01
   2.6416759e+01
   1.5941768e+01
   4.3286250e+01
   2.3820095e+01
   4.7066901e+01
   4.5632750e+01
   5.0628343e+01
