   1.0009296e+02
   2.2269103e+01
   1.8831790e+01
   7.2101732e+01
   7.8022653e+01
   4.4304097e+01
   5.2431905e+01
   2.1148350e+01
   1.1753033e+02
   1.6799241e+01
   4.1866274e+01
   8.4008194e+01
   5.3591316e+01
   2.7309420e+01
   5.0388296e+01
   4.1489677e+01
   3.5227533e+01
  -8.9566394e-01
   1.0893283e+01
   1.0947938e+01
   4.7237561e+01
   8.8767012e+00
   3.1185932e+01
   2.8782516e+01
   3.8622634e+01
   1.4062964e+02
   7.4325081e+01
   7.0436711e+01
   5.2570326e+01
   4.7559502e+01
   4.8472607e+01
   6.2754758e-01
   7.2224002e+01
   5.4967394e+01
   2.2461070e+01
   7.7405864e+01
   1.0592654e+01
   6.2777236e+01
   4.0352709e+01
   4.5905055e+01
   7.1004320e+01
   1.5339980e+01
   9.2553966e+01
   1.3270150e+01
   2.3543218e+01
   1.6582961e+01
   4.0070882e+01
   2.9965740e+01
   4.7595935e+01
   5.7037002e+01
   8.2210772e+01
   9.8836127e+01
   6.3346500e+01
   5.7669148e+01
   7.9912650e+01
  -4.0673296e+01
   7.0595318e+01
   1.2272085e+02
   9.8251037e+01
   6.1406283e+01
   1.1633254e+02
  -8.9835800e+00
   1.3169058e+00
   4.4003360e+01
   6.5414903e+01
   2.9291680e+01
   2.8947710e+01
   7.2652448e+01
   8.5809527e+01
   8.9685663e+01
   5.3481161e+01
   4.6277382e+01
   4.6984465e+01
   4.2389416e+01
   6.2961166e+01
   4.8691783e+01
   4.8047559e+01
   9.4104680e+01
   3.9112897e+01
   6.5885274e+01
  -2.1993863e+01
   5.2309288e+01
   2.4219802e+01
   1.2911087e+02
   1.4523502e+01
   4.8136414e+00
   2.0478267e+01
   4.0351402e+01
   4.4320333e+01
   9.3795656e+01
   1.4326534e+01
   7.0092493e+00
   5.5282896e+01
   2.6719186e+01
   6.4832545e+01
   3.0431456e+00
   3.4421250e+01
   9.6424731e+01
   3.8968538e+01
   3.2846071e+01
   6.6081907e+01
   6.0649926e+01
   6.6725947e+01
   3.6590692e+01
   9.7856144e+01
   2.2535624e+01
   1.0665266e+01
   4.5347959e+01
   7.5266869e+01
   6.4178681e+01
   2.3962172e+01
  -4.6728859e+01
   2.6356391e+01
   4.0603443e+01
   4.9097724e+01
   6.0061943e+01
   4.2439116e+01
   5.4028218e+01
   1.1249739e+02
   4.1699846e+01
  -1.5322190e-01
   2.9754122e+01
   3.8439000e+01
  -7.2866143e+00
   8.2170396e+01
   8.2930895e+01
  -3.6756975e+00
   4.3013525e+01
  -2.5494796e+01
   7.7508362e+01
   9.5691738e+01
   7.6918820e+01
   6.9976296e+01
   6.1704766e+01
  -1.1188387e+01
   3.4047651e+01
   8.1368769e+01
   3.0680691e+01
   1.0504078e+02
   8.9243931e+01
   8.0524396e+01
   2.9832076e+01
   6.7302095e+01
   2.2288684e+01
   4.2612578e+01
   3.3467157e+01
   4.1505685e+01
   3.6398569e+01
   8.9714502e+01
   8.7407781e+01
   5.3867618e+01
   5.8408355e+01
   7.1626368e+01
   4.4368850e+01
   6.8519865e+01
   5.4275959e+01
   7.0052644e+01
   8.2590119e+01
   3.5385913e+01
   2.9327323e+00
   5.0658897e+01
   6.0961834e+00
   9.1245314e+01
  -3.0136119e+01
  -1.3824766e+01
   1.3256914e+01
   5.2821642e+01
   2.7700483e+01
   6.0549162e+01
   1.9566872e+01
   6.0417885e+01
   5.6914970e+01
   3.6813901e+01
   5.2235819e+01
   7.9784603e+01
   3.5240072e+01
   1.8737405e+01
   8.9457175e+01
   7.7950869e+01
   7.7115950e+01
   6.0917151e+01
   9.7124666e+01
   2.7110505e+01
   1.7807468e+01
   5.3684005e+01
   7.8094564e+01
  -9.0108443e+00
   7.5912191e+01
   1.8462781e+01
   9.4726615e+01
   9.7795614e+01
   5.4363428e+01
   1.0447709e+02
   1.2899170e+01
  -4.4959363e+01
   3.6095774e+01
   7.6422197e+01
   4.1078440e+01
   8.0841167e+01
   8.6381425e+00
   5.0882809e+01
   9.4623397e-01
   9.7063895e+01
   5.3117252e+00
   7.0429532e+00
  -2.8980428e+01
   1.7586079e+01
   7.0687476e+01
  -7.3749032e+00
   7.0988230e+01
   3.0387917e+01
   1.3311597e+01
   8.1118857e+01
   5.1007189e+01
   8.1414312e+01
   9.1248174e+01
   1.2591106e+02
   3.5700974e+01
  -1.3214577e+01
   3.2533346e+01
   3.1878972e+01
   6.2014451e+01
  -1.3483735e+01
   6.1815950e+01
   3.9568527e+01
   4.6859357e+01
   7.7394615e+01
   8.8039822e+01
   2.0115262e+01
   6.5706926e+01
   8.5727315e+01
   7.0014279e+01
   1.4120640e+01
   3.3974206e+01
   1.2759229e+01
  -4.7767595e+00
   7.8678782e+01
   2.4770614e+01
   8.5520789e+01
  -1.0737862e+01
   2.9517180e+01
   2.0283377e+00
  -4.1006268e+00
   1.1431433e+02
  -1.7364645e+00
   1.4287631e+01
   6.1337966e+01
   8.0136409e+01
   1.8951276e+01
   7.6906681e+01
   8.0723044e+01
   6.2846430e+01
   3.5471362e+01
   4.7470640e+01
   6.9640743e+01
   5.5453993e+01
   8.6566449e+01
   6.8729469e+01
   2.9927036e+01
   2.0443633e+01
  -8.2725425e+00
   3.1953723e+01
   2.4356541e+01
   4.3535211e+01
   5.7458227e+01
   4.3574924e+01
   1.0016617e+01
  -1.1219459e+01
  -3.4302590e+01
