   4.1851001e+01
   6.4912604e+01
   2.6589908e+01
   5.6055691e+01
   5.6557480e+01
   6.2712192e+01
   3.8011877e+01
   2.3359424e+01
   9.1244179e+01
   5.8173245e+01
   4.8570111e+01
   4.1455255e+01
   6.5506964e+01
   2.8791110e+01
   3.8042594e+01
   3.0228689e+01
   6.2510148e+01
   3.4956085e+01
   3.5313465e+01
   4.7382265e+01
   5.6014176e+01
   3.8235087e+01
   5.6584313e+01
   5.9520674e+01
   4.0900927e+01
   7.8480862e+01
   6.1719005e+01
   7.1304871e+01
   5.1562899e+01
   2.9699069e+01
   4.8270671e+01
   2.0804254e+01
   3.8487346e+01
   3.5665427e+01
   4.0159662e+01
   5.4643819e+01
   3.5729662e+01
   4.4113816e+01
   2.5026243e+01
   5.0262848e+01
   4.6513097e+01
   4.2056136e+01
   6.6183917e+01
   4.9969854e+01
   3.8761172e+01
   3.5904748e+01
   2.9641895e+01
   5.0570763e+01
   4.7628355e+01
   3.9125602e+01
   4.4217066e+01
   7.2329223e+01
   2.0840490e+01
   7.9590240e+01
   6.1108703e+01
   4.2604720e+01
   7.0418298e+01
   4.5148010e+01
   7.0641255e+01
   1.8528277e+01
   3.2864211e+01
   2.9581729e+01
   4.0314414e+01
   5.5296278e+01
   4.3937612e+01
   5.9082183e+01
   1.3443740e+01
   3.5326497e+01
   3.3519055e+01
   3.8596782e+01
   4.6344124e+01
   5.4379405e+01
   4.6975243e+01
   4.5147918e+01
   5.8690714e+01
   2.5758825e+01
   6.4775325e+01
   4.3003046e+01
   4.3294768e+01
   3.4178950e+01
   2.5240088e+01
   2.9150109e+01
   2.6051300e+01
   5.5347276e+01
   3.2878851e+01
   4.2883975e+01
   5.6943639e+01
   7.5896980e+01
   1.7244585e+01
   1.9612201e+01
   1.9475638e+01
   4.3180061e+01
   7.5645670e+01
   3.8375927e+01
   2.8224475e+01
   4.3498445e+01
   2.0452674e+01
   7.4300187e+01
   4.8570386e+01
   7.2916580e+01
   7.5186713e+01
   5.2216542e+01
   7.6487220e+01
   5.4047941e+01
   5.2270271e+01
   6.8417235e+01
   5.4843985e+01
   4.7773133e+01
   7.8541214e+01
   5.6740453e+01
   4.2786417e+01
   4.8062197e+01
   5.7485001e+01
   2.3743916e+01
   8.2966503e+01
   4.6678811e+01
   3.4484567e+01
   3.0530294e+01
   5.4295607e+01
   8.6463266e+01
   8.0225163e+01
   6.6729140e+01
   5.0373805e+01
   4.9543767e+01
   4.4973176e+01
   6.8366759e+01
   1.4312752e+01
   3.6095473e+01
   4.3151431e+01
   1.2046360e+01
   6.1760435e+01
   4.9715021e+01
   7.8615925e+00
   6.2932875e+01
   3.8872399e+01
   4.0835814e+01
   6.8273880e+01
   4.7069675e+01
   5.3706554e+01
   4.4849376e+01
   4.2386274e+01
   4.1798624e+01
   8.0750119e+01
   2.0363892e+01
   5.1266837e+01
   2.1743833e+01
   6.4363073e+01
   3.8694094e+01
   4.8659015e+01
   3.4388309e+01
   4.6835666e+01
   2.6213760e+01
   4.1242752e+01
   9.3125906e+01
   5.8360776e+01
   7.7966511e+01
   4.7080542e+01
   7.0108337e+01
   5.6570866e+01
   7.2807645e+01
   6.1096930e+01
   3.7267406e+01
   3.4960929e+01
   3.7229712e+01
   3.4854903e+01
   2.5495316e+01
   5.8237968e+01
   2.3739014e+01
   4.3659057e+01
   2.6799894e+01
   4.2426734e+01
   2.2799858e+01
   3.0184383e+01
   6.9767029e+01
   4.8747447e+01
   5.2407734e+01
   2.1141996e+01
   7.9013928e+01
   5.0587859e+01
   6.6317584e+00
   7.4834181e+01
   6.7046324e+01
   5.6198416e+01
   5.1129010e+01
   1.6910438e+01
   8.2974951e+01
   2.2418430e+01
   7.0585488e+01
   5.5662173e+01
   3.7568434e+01
   1.8361132e+01
   5.1826089e+01
   6.6756527e+01
   5.8112771e+01
   8.6848267e+01
   7.0848809e+01
   6.7655805e+01
   7.4887145e+01
   3.3452717e+01
   7.4880042e+01
   5.4653834e+01
   5.6860621e+00
   5.2759782e+01
   8.2461834e+01
   1.9866444e+01
   9.0356875e+01
   2.2417514e+01
   5.0486796e+01
   5.2277451e+01
   4.5903080e+01
   7.1647378e+01
   3.7294431e+01
   5.7090280e+01
   4.1018062e+01
   1.7714576e+01
   4.9537477e+01
   8.8578287e+00
   5.3353044e+01
   6.1570381e+01
   1.5939093e+01
   7.7452480e+01
   3.5894203e+01
   3.1816216e+01
   4.2171350e+01
   1.0291759e+02
   4.9547860e+01
   2.1869414e+01
   7.4401142e+01
   3.4739938e+01
   3.3745613e+01
   4.4532146e+01
   8.9725665e+01
   3.2348123e+01
   4.5901148e+01
   7.7890736e+01
   5.0023611e+01
   4.7253079e+01
   5.2148226e+01
   3.1758995e+01
   3.7889340e+01
   7.1670735e+01
   6.0991366e+01
   7.3996140e+01
   7.8848188e+01
   2.0306496e+01
   6.3217930e+01
   3.3023458e+01
   3.8492091e+01
   6.4504586e+01
   3.2592794e+01
   6.2246047e+01
   6.4377046e+01
   7.2556078e+01
   7.7607492e+00
   5.8777581e+01
   4.4254341e+00
   4.0729052e+01
   2.1146214e+01
   3.0014919e+01
   2.3381528e+01
   6.2742704e+01
   2.9999060e+01
   6.9244806e+01
   7.0138450e+01
   5.4108097e+01
   4.5916515e+01
   3.4505684e+01
   9.7450327e+00
   4.9343340e+01
   3.9304885e+01
   1.1026576e+01
   4.3861415e+01
   4.9073430e+01
