6
6
19
14
6
18
6
17
26
3
49
19
6
25
34
8
6
15
4
48
15
35
11
4
4
17
18
4
13
13
17
5
5
45
3
43
4
13
19
7
12
40
5
8
20
9
4
24
54
4
24
4
5
7
11
14
2
36
13
9
10
8
60
14
16
3
84
6
3
5
14
19
13
28
36
14
31
12
8
37
69
3
6
4
1
10
53
9
17
7
15
14
33
23
1
15
24
5
19
49
20
4
32
31
18
1
10
20
44
26
26
10
1
16
6
5
2
3
36
8
47
33
3
28
14
36
23
6
32
28
24
36
1
9
16
5
7
2
10
2
16
14
33
7
18
9
25
51
19
16
12
4
30
18
8
4
7
6
19
79
1
52
12
9
29
16
7
3
3
9
12
8
24
9
27
3
16
60
12
21
6
10
26
5
4
13
8
15
31
11
19
12
9
29
30
63
9
12
2
21
6
4
21
14
30
33
6
21
8
4
1
40
3
8
21
53
39
19
6
30
26
64
5
27
8
