9
7
21
4
6
2
24
12
16
11
3
26
31
2
6
34
14
11
8
34
17
4
15
6
4
12
2
5
2
22
39
37
3
9
22
8
29
3
18
7
30
30
47
52
25
27
35
18
11
7
19
5
2
27
15
26
5
23
4
7
70
7
18
19
10
51
11
17
27
34
20
4
4
4
4
22
12
15
14
12
6
4
27
25
12
12
5
25
6
34
20
19
1
34
2
9
3
8
14
6
12
30
13
8
14
7
13
3
12
1
48
1
11
2
21
26
18
16
11
28
20
23
27
12
2
10
58
4
5
9
29
7
24
5
11
19
2
22
19
26
26
6
24
12
1
1
17
5
22
9
59
7
6
3
1
38
57
20
7
5
8
20
2
18
23
30
4
22
13
24
38
32
18
15
9
3
17
12
32
35
6
17
20
10
18
28
7
3
6
26
2
6
26
16
13
7
34
15
12
25
17
12
43
26
3
20
16
11
6
13
14
5
3
7
9
13
2
55
16
1
1
18
16
41
6
2
28
7
4
16
25
4
2
20
25
3
29
16
3
10
36
2
11
23
16
34
33
37
30
17
2
9
11
4
32
14
36
36
2
16
40
9
1
11
27
7
1
10
9
7
20
18
3
23
8
35
6
17
19
13
3
12
20
39
40
12
33
17
26
24
19
1
25
27
6
29
14
8
26
3
4
1
16
3
18
14
8
8
40
9
7
25
25
6
14
21
15
5
10
22
23
3
12
27
41
