   5.9430612e+01
   4.5704293e+01
   3.7344905e+01
   6.5774742e+01
   9.7505179e+01
   6.8930278e+01
   3.4862279e+01
   2.8556254e+01
   9.4863293e+01
   4.1403142e+01
   4.2017208e+01
   1.6887519e+01
   7.0943535e+01
   1.7443354e+01
   3.5964444e+01
   1.6438046e+01
   5.4259418e+01
   4.1239068e+01
   1.1226161e+01
   1.7850747e+01
   6.1205935e+01
   2.8220215e+01
   7.5186436e+01
   5.6826146e+01
   4.9081869e+01
   6.6325469e+01
   4.5001927e+01
   5.8964494e+01
   1.0128155e+01
   7.5575478e+01
   3.7336702e+01
   3.6290696e+01
  -3.0793400e+00
   2.3298916e+01
   6.8597602e+01
   1.0037329e+01
   6.7409899e+01
   3.6081587e+01
   1.9334312e+01
   6.1432666e+01
   3.2935969e+01
   3.9735532e+01
   6.6061155e+01
   5.5024366e+01
   1.8490443e+01
   3.0437722e+01
   3.1923753e+01
   5.0298623e+01
   4.6082438e+01
   4.7937969e+01
   4.5559754e+01
   7.0829209e+01
   1.2207259e+01
   6.2353892e+01
   4.3457038e+01
   5.9017659e+01
   6.9099344e+01
   2.8264923e+01
   7.7260142e+01
   4.1475249e+01
   4.3330885e+01
   1.9801427e+01
   2.7549171e+01
   8.2441131e+01
   1.1062241e+01
   8.4895268e+00
   6.3183946e+01
   4.5543462e+00
   9.1204933e+01
   6.2104359e+01
   4.7436028e+01
   5.4650993e+01
   6.3317877e+01
   4.9655964e+01
   8.8761687e+01
   2.1012672e+01
   9.2999852e+01
   3.0071897e+01
   7.6433212e+00
   5.2435839e+01
   2.1077000e+01
   2.3367844e+01
   6.0297660e+01
   2.0831302e+01
   7.0708857e+01
   3.1570908e+01
  -2.7480769e+00
   8.3793577e+00
   3.0157273e+01
   7.2143805e+01
   6.0414995e+01
   5.2964060e+01
   2.5930918e+01
   1.5065267e+01
   3.4738665e+01
   4.9262737e+01
   7.4576186e+01
   6.8998969e+01
   6.8478913e+01
   6.1609983e+01
   3.8322489e+01
   3.2714548e+01
   3.9911815e+01
   2.5581722e+01
   2.4160423e+01
   1.4545126e+01
   6.1789309e+01
   2.0743532e+01
   5.0471039e+01
   6.7309901e+01
   6.7128393e+01
   7.9127204e+01
   9.6146703e+01
   3.8401414e+01
   5.9243313e-01
   4.4868010e+01
   1.0178925e+02
   7.5572376e+01
   5.5249617e+01
   4.4966967e+01
   5.1578349e+01
   9.0071514e+01
   8.4401284e+01
   1.0698843e+01
   5.0878501e+01
   5.3139106e+01
  -2.5846032e+00
   5.2787562e+01
   5.8815710e+01
   6.5596927e+00
  -1.6901154e+01
   4.8032032e+01
   7.3294850e+01
   4.9874055e+01
   8.1953784e+01
   3.5380917e+01
   2.8002362e+01
   3.9906776e+01
   2.7404682e+01
   3.1044851e+01
   6.8524217e+01
   5.3453474e+01
   5.3086722e+01
   2.1403762e+00
   3.9397830e+01
   2.7497591e+01
   4.8047345e+01
   3.4102766e+00
   5.4828876e+01
   1.4228858e+01
   4.8696329e+01
   7.0623292e+01
   5.2367190e+01
   5.1904850e+01
   2.7059623e+01
   6.6385346e+01
   2.9329204e+01
   5.1066585e+01
   9.6853923e+01
   7.5149200e+01
   4.5898071e+01
   1.8489458e+01
   6.1057179e+01
   1.6352330e+01
   6.0439296e+01
   1.9655438e+01
   4.2507063e+01
   1.7858593e+01
   5.2985548e+01
   4.1742592e+01
   3.3270750e+00
   5.7330812e+01
   6.8412555e+01
   8.7921708e+01
   5.1594820e+01
   2.7386843e+01
   5.3626575e+01
   4.3371380e+01
   6.0095108e+01
   4.6116803e+00
   2.5042192e+01
   9.0760637e+01
   8.3123595e+01
   5.3053453e+01
   7.5795613e+01
   4.4177738e+01
   3.5366467e+01
   6.6711164e+01
   6.7456691e+01
   5.7125419e+01
   6.7490511e+01
   7.5372035e+01
   2.0493427e+01
   6.2751295e+01
   4.2366838e+01
   8.9395856e+01
   7.6536461e+00
   5.3130362e+01
   2.8795561e+01
   5.5792010e+00
   9.0416991e+01
   1.6525750e+01
   7.5906486e+01
   3.7619924e+01
  -2.6597316e+00
   7.0536151e+01
   5.2731320e+01
   5.3293107e+01
   1.8145508e+01
  -1.2377687e+01
   8.1696013e+01
   8.4014469e+01
   3.9579688e+01
   5.0571001e+01
   2.9025902e+01
   4.2721507e+01
   7.6739942e+01
   4.4009381e+01
   4.5830651e+01
   8.6805987e+01
   5.2848160e+01
   4.3481499e+01
   5.6335582e+01
   6.5176739e+01
   2.6518411e+01
   4.4810085e+01
   8.7258588e+01
   4.9439357e+01
   5.4794035e+01
   8.7261794e+01
   5.8212035e+01
   2.6401761e+01
   4.6503328e+01
   1.8715267e+01
  -1.0214496e+01
   9.3792023e+01
   2.5614873e+01
   3.6407002e+01
   8.0776483e+01
   8.9489123e+01
   6.6033926e+01
   4.1674315e+01
   4.6477424e+01
   1.1035513e+01
   7.0277846e+01
   5.0851277e+01
   4.4087499e+01
   4.8740603e+01
   3.1565601e+01
   2.7240945e+00
   2.6977439e+01
  -2.6599643e+00
   3.6218191e+01
   9.0513605e+01
   3.2277863e+01
   4.8779076e+01
   9.0733917e+01
   3.7314204e+01
   4.1618688e+01
   7.9057400e+01
   4.1995401e+01
   3.5627670e+01
   1.3809224e+01
   4.8411157e+01
   4.8513214e+01
   4.4417982e+01
   4.4874903e+01
   3.2507248e+01
   4.8681233e+01
