16
33
10
36
38
31
34
32
10
4
24
24
4
16
15
15
19
4
3
28
11
10
9
39
7
20
24
7
11
13
3
11
20
10
16
17
21
15
15
19
7
9
8
10
16
5
22
37
48
20
27
15
18
11
3
13
22
5
16
4
1
7
1
19
10
2
20
7
3
12
12
26
18
23
1
11
2
9
11
39
2
43
14
23
7
47
7
4
25
6
34
30
9
10
18
2
30
5
10
24
13
31
22
11
15
9
16
35
10
19
4
14
22
18
2
14
49
3
4
4
6
2
7
3
18
6
2
74
6
9
25
28
19
10
4
1
22
12
7
3
8
33
15
16
13
7
4
18
4
10
17
9
3
21
6
12
3
7
6
33
3
21
32
23
17
5
24
1
5
21
10
1
20
1
16
5
22
35
47
14
1
48
8
16
4
6
8
21
18
12
1
13
26
2
52
21
14
4
10
5
2
3
21
3
6
9
31
1
1
18
9
23
24
2
14
31
13
8
80
14
20
8
2
9
3
30
3
48
17
18
33
19
4
7
16
14
38
2
8
36
3
2
9
19
18
2
58
26
29
17
19
13
9
3
23
8
16
18
16
5
10
18
29
6
9
2
17
6
34
29
28
11
