   3.6098160e+01
   5.6517364e+01
   6.2228280e+01
   5.4103055e+01
   6.4966322e+01
   4.7237330e+01
   6.4061434e+01
   3.0804563e+01
   3.9450089e+01
   3.3777486e+01
   4.7152260e+01
   7.2359729e+01
   7.3705760e+01
   5.6112052e+01
   3.6874287e+01
   1.6215434e+01
   3.3768130e+01
   2.7432937e+01
   4.0840319e+01
   4.5613197e+01
   5.3003234e+01
   7.3205547e+01
   2.4700497e+01
   8.5126220e+01
   5.1528732e+01
   3.6464021e+01
   2.7763609e+01
   5.4675085e+01
   5.4943870e+01
   5.3978421e+01
   7.3380729e+01
   2.3975292e+01
   6.1685648e+01
   2.8851033e+01
   6.8071044e+01
   4.6234399e+01
   4.3150787e+01
   6.1610047e+01
   1.1713735e+01
   7.2267560e+01
   6.5691714e+01
   7.2233948e+01
   6.7884898e+01
   4.1410830e+01
   4.1083703e+01
   6.9503639e+01
   5.8075369e+01
   5.4403444e+01
   7.2162688e+01
   9.2404688e+01
   3.7012211e+01
   8.0445657e+01
   6.3313965e+01
   3.0614874e+01
   7.0852354e+01
   5.6991751e+01
   6.1180547e+01
   6.5807325e+01
   3.7785128e+01
   5.3974096e+01
   3.1322399e+01
   6.3975082e+01
   4.5581816e+01
   7.3621028e+01
   4.6287970e+01
   3.6447415e+01
   3.8286325e+01
   3.8739994e+01
   6.2074996e+01
   5.5006269e+01
   5.2300851e+01
   3.9307073e+01
   2.5265718e+01
   4.9099676e+01
   5.4649313e+01
   6.9365303e+01
   7.3305224e+01
   4.2933913e+00
   1.6319805e+01
   3.5114306e+01
   5.7549789e+01
   5.9076272e+01
   6.1468896e+01
   3.3144301e+01
   5.9708511e+01
   2.9174967e+01
   4.1362030e+01
   5.6003788e+01
   5.3838485e+01
   4.3121967e+01
   3.7947817e+01
   6.8293442e+01
   3.6288188e+01
   3.3895856e+01
   6.5550262e+01
   5.9116920e+01
   7.1759332e+01
   4.4208632e+01
   6.8277816e+01
   4.0424917e+01
   3.0986104e+01
   5.5067207e+01
   3.0006897e+01
   5.9762597e+01
   4.2517472e+01
   3.0323242e+01
   4.4446293e+01
   1.0403562e+01
   5.2528237e+01
   7.3446358e+01
   6.3241701e+01
   4.0341561e+01
   6.5478630e+01
   6.0638574e+01
   6.6419639e+01
   5.0300115e+01
   4.5916370e+01
   4.5325317e+01
   2.9670399e+01
   6.9219696e+01
   7.5444260e+01
   5.2409002e+01
   5.7972120e+01
   5.1969394e+01
   5.4114651e+01
   4.6550716e+01
   6.9961464e+01
   7.0046390e+01
   5.5341818e+01
   2.0323728e+01
   7.9674766e+01
   2.7175382e+01
   4.4723926e+01
   5.1657247e+01
   7.1053974e+01
   6.1311179e+01
   3.6518685e+01
   3.8200411e+01
   6.1957983e+01
   5.8306637e+01
   4.1089584e+01
   4.1955054e+01
   5.1648193e+01
   6.4373793e+01
   5.5565941e+01
   3.2144729e+01
   3.5118053e+01
   4.3402598e+01
   2.8757275e+01
   3.0652569e+01
   5.7293501e+01
   3.7080655e+01
   4.6351011e+01
   5.5782348e+01
   7.0859328e+01
   4.2157415e+01
   4.6552334e+01
   5.6330547e+01
   4.5166257e+01
   6.1963869e+01
   5.4982662e+01
   5.9426670e+01
   6.7526175e+01
   5.6244041e+01
   4.6216424e+01
   3.4304086e+01
   5.5087531e+01
   4.2793952e+01
   4.8708587e+01
   6.0785206e+01
   3.2679954e+01
   7.3853994e+01
   4.9076904e+01
   5.4972485e+01
   5.8368196e+01
   6.5042189e+01
   6.1659568e+01
   3.9751143e+01
   5.5283804e+01
   4.8350400e+01
   4.4473099e+01
   7.5422695e+01
   5.6757818e+01
   8.5212919e+01
   3.8605455e+01
   2.1659836e+01
   5.2115356e+01
   4.2972382e+01
   2.9288241e+01
   7.5499116e+01
   6.6110197e+01
   5.5309222e+01
   7.0385686e+01
   6.9674689e+01
   4.3450922e+01
   7.3215532e+01
   4.1379186e+01
   8.5322570e+01
   7.4307831e+01
   5.4471721e+01
   4.3867667e+01
   3.2499265e+01
   4.1354648e+01
   2.5053673e+01
   8.8132836e+01
   5.1419786e+01
   4.5355789e+01
   5.9545650e+01
   6.0323564e+01
   3.7991754e+01
   5.5530910e+01
   4.5467106e+01
   7.3111971e+01
   1.6318350e+01
   4.7628900e+01
   4.8694485e+01
   6.2888543e+01
   6.1201573e+01
   6.3562510e+01
   5.1628437e+01
   3.8519325e+01
