   2.1402061e+01
   4.8205018e+01
   4.8638001e+01
   4.8280578e+01
   6.9635944e+01
   3.1744720e+01
   5.5384110e+01
   2.8968181e+01
   3.5328333e+01
   1.5669027e+01
   4.4540112e+01
   8.5483278e+01
   8.5237031e+01
   4.6252785e+01
   2.7655632e+01
   1.8942513e+00
   2.7390154e+01
   7.9775286e+00
   3.4421052e+01
   1.5364930e+01
   4.5536280e+01
   8.2727929e+01
   1.4016928e+01
   9.0569724e+01
   5.2405270e+01
   3.1119041e+01
   2.0562621e+00
   3.0799046e+01
   4.9619907e+01
   3.7695398e+01
   6.4193975e+01
   1.6511553e+01
   6.8242174e+01
   1.7423624e+01
   5.2754344e+01
   4.1985964e+01
   2.8273699e+01
   5.9721368e+01
  -3.4043613e+00
   7.8191941e+01
   7.0118726e+01
   7.9895470e+01
   7.6251299e+01
   1.6060476e+01
   3.3137675e+01
   6.9319240e+01
   4.5088865e+01
   3.8650708e+01
   8.3935766e+01
   8.9878450e+01
   3.9869603e+01
   9.6542416e+01
   5.6934576e+01
   6.3410630e+00
   7.9621708e+01
   3.8119520e+01
   5.4018043e+01
   4.4551773e+01
   2.3400543e+01
   4.9953411e+01
   2.9994826e+01
   4.3414918e+01
   3.7167448e+01
   7.8114800e+01
   3.6451930e+01
   2.6073731e+01
   2.1640990e+01
   3.6421277e+01
   5.2614399e+01
   5.4836815e+01
   4.9526485e+01
   2.0981278e+01
   1.2759140e+01
   4.0990387e+01
   4.0444983e+01
   8.3959284e+01
   6.7888665e+01
   7.7499661e+00
   1.6564996e+01
   2.9944140e+01
   4.0014666e+01
   3.4788608e+01
   6.5956698e+01
   9.9697762e+00
   5.4912851e+01
   9.4403041e+00
   2.8955350e+01
   4.6053048e+01
   4.3423867e+01
   3.9143570e+01
   2.8548389e+01
   5.9314239e+01
   1.3166342e+01
   1.7251150e+01
   6.8842546e+01
   4.6621955e+01
   5.5345822e+01
   2.5931357e+01
   5.1984245e+01
   2.5326651e+01
   2.5932504e+01
   4.9867912e+01
   1.4813939e+01
   5.4404382e+01
   2.3105921e+01
   1.4174001e+01
   2.1788837e+01
   4.3649808e-01
   4.4394463e+01
   7.8349046e+01
   6.7454873e+01
   2.7435990e+01
   5.3796460e+01
   5.7850069e+01
   4.7420167e+01
   4.0363937e+01
   3.8497278e+01
   1.8496595e+01
   1.7599654e+01
   6.1606902e+01
   7.7078376e+01
   2.5573149e+01
   4.9064460e+01
   5.2194841e+01
   4.6439630e+01
   4.3661358e+01
   5.3177550e+01
   7.0372748e+01
   5.0007660e+01
   9.7070481e+00
   7.1737344e+01
   5.7606679e+00
   3.9009342e+01
   3.9060383e+01
   8.5219881e+01
   6.0022933e+01
   2.2050069e+01
   2.9445851e+01
   3.8000943e+01
   4.9213014e+01
   4.4489258e+01
   2.1339921e+01
   5.0007616e+01
   5.7971429e+01
   4.2155539e+01
   1.9022108e+01
   2.7449376e+01
   3.8822233e+01
   9.7435770e+00
   1.1005101e+01
   5.0938265e+01
   3.4212778e+01
   2.9500749e+01
   4.0237762e+01
   5.5085118e+01
   2.0936094e+01
   3.7539591e+01
   3.8612719e+01
   4.2208005e+01
   5.4040275e+01
   6.0408319e+01
   4.9166658e+01
   8.3258503e+01
   6.0140135e+01
   1.5923764e+01
   2.4955258e+01
   4.1276171e+01
   2.9842933e+01
   4.1575093e+01
   6.3797491e+01
   2.4178592e+01
   6.2041278e+01
   5.1776003e+01
   4.8312809e+01
   5.0100024e+01
   7.3446044e+01
   5.6261950e+01
   2.5829438e+01
   5.0577061e+01
   2.7124375e+01
   4.6044629e+01
   7.4719706e+01
   5.5309672e+01
   8.6437229e+01
   5.5520303e+00
  -1.7656660e+00
   5.4816044e+01
   4.2074911e+01
   2.2111643e+01
   7.7464074e+01
   6.1270424e+01
   3.9261980e+01
   7.2309106e+01
   8.2560287e+01
   3.2987626e+01
   6.7777605e+01
   2.7681862e+01
   9.0178720e+01
   6.2120953e+01
   4.3119964e+01
   2.8156975e+01
   2.6367602e+01
   3.4459355e+01
   4.8785227e+00
   9.8515895e+01
   5.0219416e+01
   2.8861970e+01
   4.6198174e+01
   5.8530378e+01
   1.4028537e+01
   4.2387701e+01
   4.2367625e+01
   7.6459103e+01
   4.9789814e+00
   4.2242313e+01
   3.2975396e+01
   5.1564051e+01
   5.6287823e+01
   5.6769457e+01
   5.2641537e+01
   1.3058960e+01
