   3.5987788e+01
   1.0354373e+01
   7.0285765e+01
   2.3882931e+01
   4.7884651e+01
   4.9726356e+01
   7.3223273e+01
   2.7873800e+01
   2.9076742e+01
   9.9245519e+01
   4.9391680e+01
   1.6538014e+01
   4.3053352e+01
   5.5402750e+01
   2.0928361e+01
   4.5061112e+01
   3.8337308e+01
   7.4206390e+01
   2.5858882e+01
   5.1253521e+01
   2.9896561e+01
   5.2280342e+01
   4.7662407e+01
   5.8307433e+01
   5.2876915e+01
   5.8525910e+01
   8.4730823e+01
   5.0725385e+01
   4.9279295e+01
   2.9455474e+01
   5.1089368e+01
   6.2322732e+01
   1.1477258e+01
   7.1499960e+01
   1.4788491e+01
   6.4267461e+01
   4.7255291e+01
   9.7467367e+00
   6.2268603e+01
   3.7137866e+01
   4.1753076e+01
   4.6893074e+01
   2.7700086e+01
   7.8715966e+01
   6.8272255e+01
   7.0927392e+01
   3.3512478e+01
   2.2267127e+01
   4.0995529e+01
   6.6248586e+01
   6.0770814e+01
   6.3717966e+01
   5.0684732e+01
   5.2282326e+01
   5.6927089e+00
   8.0361463e+01
   3.8689716e+01
   8.3040256e+01
   7.0819236e+01
   3.1104944e+01
   9.0183089e+01
   3.6204563e+01
   2.5672995e+01
   2.5074469e+01
   5.9878230e+01
   5.6274071e+01
   1.2569746e+01
   1.7181781e+01
   6.9097074e+01
   3.3615799e+00
   7.0977594e+01
   5.2373644e+01
   7.6306490e+01
   5.2952085e+01
   7.0123468e+01
   5.3678492e+01
   6.1871826e+01
   6.2497697e+01
   5.5410064e+00
   4.2043285e+01
   2.1141284e+01
   3.0766287e+01
   2.8430230e+01
   4.1195393e+01
   8.4912498e+01
   1.7164953e+01
   1.0350564e+01
   4.5132895e+01
   3.5591571e+01
   2.1237265e+01
   2.4794197e+01
   5.7384112e+01
   6.7749523e+01
   6.4342226e+01
   4.2687599e+01
   4.6846305e+01
   2.4243565e+01
   2.9258077e+01
   6.6772514e+01
   5.9911268e+01
   7.7641548e+01
   5.9708659e+01
   7.8471224e+01
   7.3364673e+01
   1.4811512e+01
   5.2792538e+01
   4.5713475e+01
   1.9917560e+01
   3.6972338e+01
   5.1146634e+01
   6.3960833e+01
   5.5819250e+01
   5.6119260e+01
   3.8780919e+01
   8.2455085e+01
   6.4290510e+01
   5.3300116e+00
   1.2339835e+01
   2.2552841e+01
   7.8328573e+01
   5.2855980e+01
   5.0868455e+01
   4.4733230e+01
   6.6890826e+01
   5.1200692e+01
   6.9769200e+01
   1.9488392e+01
   5.7332501e+01
   3.9433177e+01
   3.6799578e+01
   3.2760365e+01
   5.2506353e+01
  -8.3584141e-01
   2.9353919e+01
   4.2650557e+01
   4.9425675e+01
   9.1157752e+01
   3.2811084e+01
   2.0368101e+01
   4.9677282e+01
   9.8228599e+00
   3.8998857e+01
   8.4671870e+01
   2.9015140e+01
   6.2829419e+01
   9.8081560e+00
   4.2692525e+01
   4.2495062e+01
   4.3589556e+01
   1.8770154e+01
   3.8640067e+01
   3.8379073e+01
   5.3175212e+01
   8.5544095e+01
   4.7037606e+01
   9.1231343e+01
   6.8860388e+01
   9.6803804e+01
   3.7593957e+01
   7.5426391e+01
   7.7335304e+01
   6.0595314e+01
   3.9501041e+01
   3.0346834e+01
   3.4156872e+01
   5.5640881e+00
   4.5806880e+01
   6.0323690e+01
   2.5686615e+01
   3.7449984e+01
  -1.3695409e+01
   3.3019943e+01
   3.5194528e+01
   6.5208328e+01
   4.0951134e+01
   8.0869429e+01
   5.0626257e+01
   7.7777249e+01
   3.2731054e+01
   6.1142556e+01
   6.0956910e+01
   3.9723637e+01
   8.6495612e+01
   3.1562466e+01
   2.7449788e+01
   9.0251685e+01
   6.3834520e+01
   4.7606970e+01
   8.3372786e+01
   4.0670108e+01
   4.0242211e+01
   7.5928074e+01
   6.8759957e+01
   6.2332748e+01
   8.2529020e+01
   5.6631095e+01
   4.9082987e+01
   7.5827540e+01
   3.5619811e+01
   6.7385961e+01
   2.2959355e+01
  -6.0741275e+00
   5.9593482e+01
   5.5771169e+01
   1.4013311e+01
   8.7395621e+01
   3.8481396e+01
   4.7110527e+01
   2.9541451e+01
   1.1798989e+01
   3.0337605e+01
   3.7006214e+01
   4.8668095e+01
   2.7710759e+01
   3.4511812e+00
   5.7435838e+01
   1.7368892e+01
   7.1981458e+01
   6.7834886e+01
   3.8826175e+01
   8.3215763e+01
   5.4828545e+01
   2.6877908e+01
   7.7805007e+01
   8.3675882e+01
   5.5932856e+01
   4.3146738e+01
   7.6171568e+01
   7.7557596e+01
   3.2656642e+01
   6.1180022e+01
   7.9187490e+01
   6.6346620e+01
   6.4837162e+01
   8.2935611e+01
   4.8502094e+01
   1.8847967e+01
   4.0879093e+01
   2.5286628e+01
   6.1747340e+01
   5.8283325e+01
   3.4263027e+01
   7.9246734e+01
   4.5049074e+01
   4.1758521e+01
   6.4207150e+01
   3.4593932e+01
   5.1101212e+01
   4.7430229e+01
   4.4160624e+01
   4.7275439e+01
   5.3833457e+01
   3.8007098e+01
  -3.6374731e+00
   4.8728911e+01
   5.3494781e+00
   4.5411185e+01
   7.7180910e+01
   3.4959872e+01
   7.5207039e+01
   6.5153003e+01
   6.3297174e+01
   3.5342919e+01
   4.6793776e+01
   3.5374428e+01
   3.2737245e+01
   2.9161308e+01
   5.5416878e+01
   3.3165207e+01
   1.5944172e+01
   3.0032672e+01
   6.5779424e+01
   4.2232555e+01
   1.3397792e+01
   8.2192259e-01
   3.4807061e+01
