   3.0328781e+01
   3.7275818e+00
   7.0285571e+01
   2.1050295e+01
   4.7948358e+01
   4.8143306e+01
   6.9767472e+01
   3.0202068e+01
   2.4036745e+01
   1.0555448e+02
   4.4028411e+01
   8.7007249e+00
   4.3602993e+01
   5.7278423e+01
   1.2232821e+01
   4.5528480e+01
   3.3464870e+01
   7.1468895e+01
   1.7451510e+01
   4.7146700e+01
   3.0832009e+01
   5.0400446e+01
   4.5779737e+01
   5.7199437e+01
   5.4285116e+01
   6.2364995e+01
   8.7214979e+01
   4.5815550e+01
   4.6618989e+01
   2.5985669e+01
   4.7484714e+01
   5.9831583e+01
  -1.1616738e+00
   7.4929401e+01
   1.0150193e+01
   6.2344916e+01
   4.0567373e+01
   9.4320298e+00
   6.8837025e+01
   3.1447358e+01
   3.8526798e+01
   4.5016036e+01
   2.1279315e+01
   8.0007706e+01
   6.8919510e+01
   7.2258491e+01
   2.8756601e+01
   1.7565674e+01
   3.9775367e+01
   6.4181449e+01
   6.4249872e+01
   6.9298537e+01
   5.1760182e+01
   5.0043754e+01
   2.1206205e+00
   8.0056740e+01
   4.1673846e+01
   8.6637169e+01
   6.6675487e+01
   2.7221557e+01
   9.7824691e+01
   3.1528281e+01
   1.8780501e+01
   2.2011647e+01
   6.2887966e+01
   5.4819050e+01
   6.7892798e+00
   1.1271793e+01
   7.7068540e+01
  -5.7797598e+00
   7.5613311e+01
   5.5182323e+01
   8.2103150e+01
   5.1871475e+01
   7.5501653e+01
   5.7323731e+01
   6.8128595e+01
   6.2917495e+01
  -2.2032112e+00
   3.6264431e+01
   1.8445410e+01
   2.4695337e+01
   1.9561771e+01
   3.6935946e+01
   8.7849054e+01
   1.0977006e+01
  -9.9419992e-01
   4.9907576e+01
   2.9040271e+01
   1.4690720e+01
   2.1925499e+01
   5.8476298e+01
   6.8972726e+01
   6.9255211e+01
   4.3923574e+01
   4.3559574e+01
   2.2498427e+01
   2.1129406e+01
   6.8270631e+01
   6.3784409e+01
   8.2441389e+01
   6.0274301e+01
   8.2602337e+01
   7.5293375e+01
   9.7767520e+00
   4.9185517e+01
   4.2593037e+01
   1.1375040e+01
   3.2673806e+01
   4.5745080e+01
   6.5490111e+01
   5.6718546e+01
   5.3341875e+01
   4.0087686e+01
   8.6477414e+01
   6.3766027e+01
   1.4428891e+00
   6.0281530e+00
   1.9494967e+01
   7.9661623e+01
   5.0022601e+01
   5.3204797e+01
   4.6480949e+01
   6.4819778e+01
   3.1735930e+01
   7.1343910e+01
   1.7093732e+01
   5.5999704e+01
   4.1497990e+01
   3.2878287e+01
   2.4897371e+01
   5.4624314e+01
  -5.3596487e+00
   2.3209871e+01
   4.2240077e+01
   5.0404629e+01
   8.8725552e+01
   3.1591788e+01
   1.8295147e+01
   4.7294994e+01
   6.6379050e+00
   3.2643359e+01
   8.4586943e+01
   2.2445583e+01
   6.2687803e+01
   5.1763780e+00
   4.4194869e+01
   4.0975199e+01
   4.3831981e+01
   9.4467490e+00
   3.6987434e+01
   3.5719826e+01
   5.4602204e+01
   8.7602270e+01
   4.5040186e+01
   9.2853961e+01
   7.0697604e+01
   9.9517856e+01
   3.3467420e+01
   7.3458103e+01
   7.8526824e+01
   6.3459663e+01
   3.9019032e+01
   2.4656828e+01
   3.1044430e+01
  -3.2770953e+00
   4.6242076e+01
   6.1168079e+01
   2.6769158e+01
   3.1129737e+01
  -1.9220457e+01
   3.3554542e+01
   3.5932637e+01
   6.4113079e+01
   3.8948757e+01
   8.7423588e+01
   4.6792523e+01
   7.5793535e+01
   3.2084360e+01
   6.1896775e+01
   5.9296080e+01
   3.6858721e+01
   9.0953667e+01
   2.4950781e+01
   2.3700703e+01
   9.3830171e+01
   6.3978484e+01
   4.7264098e+01
   8.5627403e+01
   3.7421013e+01
   3.3109043e+01
   8.2924470e+01
   7.0128165e+01
   6.2926320e+01
   8.5672061e+01
   5.3805523e+01
   4.5539461e+01
   7.8822045e+01
   2.6451381e+01
   6.4683235e+01
   1.9127794e+01
  -7.1499363e+00
   6.1629690e+01
   5.1922550e+01
   9.6403764e+00
   9.0947175e+01
   3.9367463e+01
   4.5359077e+01
   2.5850592e+01
   4.5314083e+00
   3.0778519e+01
   3.1887788e+01
   4.4513420e+01
   2.3279558e+01
  -5.0308773e+00
   5.7282841e+01
   9.4042876e+00
   7.0887202e+01
   6.9787237e+01
   3.6002917e+01
   8.2353204e+01
   5.5967338e+01
   2.4025762e+01
   8.5460660e+01
   8.6832264e+01
   5.7709282e+01
   4.2980178e+01
   7.5312904e+01
   7.8913528e+01
   2.6953733e+01
   5.9006793e+01
   8.4844572e+01
   7.3396487e+01
   6.0077157e+01
   8.4607693e+01
   4.7970657e+01
   2.0594253e+01
   3.5251941e+01
   2.0119167e+01
   6.1427202e+01
   5.7183790e+01
   2.7346196e+01
   8.4223224e+01
   4.1214102e+01
   4.0514762e+01
   6.3971197e+01
   3.2603656e+01
   4.9920554e+01
   5.1728551e+01
   4.4690715e+01
   4.4810166e+01
   5.0297620e+01
   3.6463672e+01
  -4.9298359e+00
   5.2311824e+01
  -5.5565694e-02
   4.4278961e+01
   7.8855738e+01
   3.3313673e+01
   8.1900829e+01
   6.7604923e+01
   6.6465186e+01
   2.8902532e+01
   4.5079340e+01
   3.7521463e+01
   2.4580406e+01
   2.3040675e+01
   5.9008326e+01
   2.9688499e+01
   5.4847996e+00
   2.5211935e+01
   6.5103067e+01
   4.0933691e+01
