   5.9700398e+01
   2.3243655e+01
   6.6855932e+01
   4.8798439e+01
   6.7679208e+01
   6.6043292e+01
   6.9108852e+01
   5.1414454e+01
   4.3132536e+01
   9.8435248e+01
   6.0426361e+01
   3.2359644e+01
   6.2423581e+01
   6.2540982e+01
   3.7329538e+01
   5.2071486e+01
   4.6347741e+01
   8.0642035e+01
   4.0228490e+01
   5.5507801e+01
   4.0918180e+01
   6.3275637e+01
   5.4659373e+01
   6.8327480e+01
   7.3333006e+01
   7.1866421e+01
   8.5927944e+01
   6.4531892e+01
   6.4362863e+01
   4.4841105e+01
   5.8316072e+01
   7.1442266e+01
   2.5106110e+01
   7.9013007e+01
   3.2165649e+01
   6.8030228e+01
   6.2241991e+01
   2.2599602e+01
   7.8485535e+01
   5.2041343e+01
   5.7071648e+01
   6.2362610e+01
   4.0287112e+01
   7.6245597e+01
   7.5133156e+01
   7.2193026e+01
   5.0230466e+01
   4.1119676e+01
   5.9108069e+01
   7.4805515e+01
   6.4268922e+01
   7.3891235e+01
   5.4420480e+01
   7.3454810e+01
   3.0281543e+01
   7.8666525e+01
   5.3463551e+01
   8.3788767e+01
   7.7034112e+01
   4.3445376e+01
   9.0726406e+01
   4.9089330e+01
   4.4447893e+01
   4.5478245e+01
   6.7084987e+01
   6.8613865e+01
   2.8378580e+01
   3.4554513e+01
   7.2072853e+01
   2.8947716e+01
   7.7954687e+01
   6.8050927e+01
   8.4027568e+01
   6.1891635e+01
   7.7384924e+01
   7.0151870e+01
   6.7940598e+01
   6.8598410e+01
   2.7299577e+01
   5.6921622e+01
   4.3762857e+01
   4.8254567e+01
   3.4626943e+01
   4.9017081e+01
   8.3290092e+01
   3.2293901e+01
   3.5424336e+01
   6.1256136e+01
   5.1221762e+01
   3.7006422e+01
   4.5283055e+01
   6.7547041e+01
   7.3648832e+01
   7.1877134e+01
   5.9779533e+01
   6.2045294e+01
   4.8315613e+01
   4.3767447e+01
   6.6247237e+01
   6.8683053e+01
   7.9463081e+01
   6.7630503e+01
   8.3579948e+01
   7.5069591e+01
   4.4312563e+01
   5.9787157e+01
   5.7341678e+01
   4.5186332e+01
   4.9707435e+01
   6.4261289e+01
   6.6204728e+01
   6.4863576e+01
   6.2438045e+01
   5.5064088e+01
   8.5364817e+01
   7.4249675e+01
   3.2206906e+01
   2.9476442e+01
   4.4777700e+01
   8.1500400e+01
   7.0119974e+01
   7.1246029e+01
   5.4224653e+01
   7.2929561e+01
   6.2394849e+01
   7.7438783e+01
   3.5317920e+01
   6.0167050e+01
   6.4322765e+01
   4.4718067e+01
   4.8428475e+01
   5.8145995e+01
   1.3307134e+01
   3.9428938e+01
   5.2632446e+01
   6.6508998e+01
   8.5389513e+01
   4.7975504e+01
   3.6588092e+01
   5.6380426e+01
   1.7560045e+01
   4.8679541e+01
   8.7731597e+01
   4.7951717e+01
   7.4606747e+01
   3.2783568e+01
   6.0561150e+01
   6.0476683e+01
   5.6240595e+01
   3.2552464e+01
   5.2071714e+01
   4.5333859e+01
   5.9573868e+01
   8.7683408e+01
   5.7054080e+01
   9.3472190e+01
   6.5149489e+01
   9.6759188e+01
   5.5516345e+01
   8.0406969e+01
   7.6763881e+01
   6.9830676e+01
   5.4259587e+01
   5.0258646e+01
   5.6191505e+01
   2.6580253e+01
   6.0926691e+01
   6.4070986e+01
   3.9981402e+01
   4.4302539e+01
  -3.0714198e-02
   4.4925069e+01
   5.4035790e+01
   7.2139778e+01
   5.5117181e+01
   8.7158912e+01
   5.8980314e+01
   8.4911802e+01
   5.6596831e+01
   6.8845315e+01
   6.6996488e+01
   5.5758413e+01
   8.8736265e+01
   4.8660321e+01
   4.7097201e+01
   8.8898325e+01
   6.7625142e+01
   6.2088246e+01
   8.3998664e+01
   4.8527247e+01
   5.2469523e+01
   8.3473146e+01
   7.7310707e+01
   6.1031982e+01
   8.7113850e+01
   6.4824827e+01
   5.9052817e+01
   8.1592115e+01
   5.6144919e+01
   6.7635630e+01
   4.2588689e+01
   7.0441421e+00
   6.2656718e+01
   6.3562809e+01
   2.9780787e+01
   8.9455739e+01
   4.1253404e+01
   5.9261252e+01
   4.3667432e+01
   3.2099703e+01
   4.9724853e+01
   5.3288110e+01
   5.1588481e+01
   4.7459765e+01
   1.5800170e+01
   6.6181170e+01
   3.1283139e+01
   7.3111225e+01
   6.9990857e+01
   5.7334429e+01
   8.4310594e+01
   7.1791883e+01
   4.0658365e+01
   8.3738503e+01
   8.5833870e+01
   6.4955673e+01
   6.1673451e+01
   8.1893873e+01
   7.4835035e+01
   4.6096684e+01
   6.0287479e+01
   8.6204494e+01
   7.1865881e+01
   6.3287645e+01
   8.1298827e+01
   6.4635218e+01
   4.0053354e+01
   5.8038047e+01
   4.6913600e+01
   7.4132047e+01
   6.8706649e+01
   5.7525437e+01
   8.6674520e+01
   6.6695633e+01
   5.7148662e+01
   7.2064291e+01
   5.1905339e+01
   5.3405392e+01
   6.7742110e+01
   5.8652763e+01
   6.1871434e+01
   7.1877582e+01
   5.7412042e+01
   1.5699579e+01
   6.5272077e+01
   2.6628467e+01
   6.0877568e+01
   8.2580317e+01
   5.9223283e+01
   7.5006340e+01
   7.6959391e+01
   6.8549407e+01
   4.9013138e+01
   6.6431192e+01
   5.4360442e+01
   5.6143714e+01
   3.6830857e+01
   5.7227662e+01
   4.5237367e+01
   3.0570925e+01
   4.4586022e+01
   6.5353648e+01
   5.8812959e+01
   3.6270092e+01
   1.3005869e+01
   4.2260279e+01
