   2.0329756e+01
  -1.0690618e+00
   8.3735015e+01
   8.4644687e+00
   3.8138747e+01
   4.2479191e+01
   9.1392485e+01
   8.4531811e+00
   2.0924612e+01
   1.1622846e+02
   5.1895076e+01
   6.0923123e+00
   3.1169133e+01
   5.4670436e+01
   1.1814890e+01
   4.2641551e+01
   3.7753677e+01
   8.5199115e+01
   1.8210218e+01
   5.6592930e+01
   2.3505575e+01
   4.9177433e+01
   4.8105065e+01
   5.9461859e+01
   4.2908300e+01
   5.3900113e+01
   9.8126093e+01
   5.0658105e+01
   4.6412421e+01
   1.9689189e+01
   5.4307823e+01
   5.9731454e+01
  -8.5663701e-01
   7.5101582e+01
  -5.0031669e-01
   7.2679579e+01
   4.7602385e+01
  -2.6173035e+00
   5.6031687e+01
   2.3204712e+01
   3.1992717e+01
   4.1466550e+01
   2.3229706e+01
   9.2969192e+01
   7.2380240e+01
   8.0447189e+01
   2.1414709e+01
   8.9244190e+00
   3.0735567e+01
   7.1760405e+01
   6.3924014e+01
   6.1377311e+01
   5.4682717e+01
   4.5772956e+01
  -1.9825534e+01
   9.5735866e+01
   2.5812288e+01
   9.2584005e+01
   8.2358965e+01
   2.4185811e+01
   9.9830663e+01
   2.7861123e+01
   1.5587721e+01
   9.8244937e+00
   5.9604468e+01
   5.3292290e+01
  -2.7846546e+00
   7.1820396e+00
   7.3215198e+01
  -1.7292730e+01
   7.3123873e+01
   4.5382530e+01
   7.9816097e+01
   5.2620333e+01
   7.1487944e+01
   4.5449701e+01
   5.8914068e+01
   6.6109422e+01
  -1.2729128e+01
   3.8507933e+01
   4.4913684e+00
   1.9428316e+01
   2.0459322e+01
   4.1042781e+01
   1.0075582e+02
   4.1209214e+00
  -4.6902064e+00
   3.3100178e+01
   3.1596595e+01
   1.1266611e+01
   9.3554665e+00
   5.5879229e+01
   7.2998373e+01
   6.3724747e+01
   3.1304454e+01
   4.3416881e+01
   6.3190573e+00
   2.2466523e+01
   7.5566332e+01
   5.7728903e+01
   8.4448253e+01
   6.0387349e+01
   9.3720450e+01
   8.0752297e+01
  -8.8194567e+00
   5.6350766e+01
   4.2815817e+01
  -1.8340516e+00
   3.2184906e+01
   5.2332493e+01
   7.0972877e+01
   5.4384950e+01
   6.0956653e+01
   2.7092152e+01
   8.9968965e+01
   6.7699202e+01
  -2.1557181e+01
  -3.2301906e+00
   5.3411275e+00
   8.9659565e+01
   4.3431159e+01
   4.9987041e+01
   5.0773826e+01
   7.2167057e+01
   3.9728645e+01
   7.5739602e+01
   4.3472330e+00
   6.3093535e+01
   2.1458483e+01
   3.4872581e+01
   2.8262928e+01
   5.1631027e+01
  -1.2831292e+01
   2.5392717e+01
   3.7888203e+01
   4.0410113e+01
   1.1670537e+02
   2.1437098e+01
   4.9830153e+00
   5.1511140e+01
  -2.5265227e+00
   3.8587990e+01
   9.9256367e+01
   2.0163495e+01
   6.0943659e+01
  -8.7728568e+00
   3.1029317e+01
   3.1201059e+01
   3.6878106e+01
   1.1802662e+01
   3.1747864e+01
   3.6374658e+01
   5.2327570e+01
   9.8971784e+01
   4.5185547e+01
   1.0460362e+02
   8.0064656e+01
   1.1563559e+02
   2.5979189e+01
   7.8301204e+01
   9.0117494e+01
   5.9034366e+01
   3.0588044e+01
   1.2017072e+01
   2.0506290e+01
  -1.1878745e+01
   3.8095874e+01
   6.4368336e+01
   1.0528405e+01
   3.9589916e+01
  -3.7007268e+01
   2.1648031e+01
   2.0544627e+01
   7.1140953e+01
   3.4516806e+01
   8.6186087e+01
   5.1782428e+01
   8.6925021e+01
   1.5822842e+01
   6.2422734e+01
   6.6252205e+01
   3.3169309e+01
   9.7287641e+01
   2.3199309e+01
   1.4464543e+01
   1.0558039e+02
   7.0946894e+01
   3.9527248e+01
   9.6305337e+01
   3.9501149e+01
   3.6533923e+01
   7.5695659e+01
   7.0337228e+01
   7.0872599e+01
   9.2436334e+01
   6.0874010e+01
   4.9705841e+01
   8.2473083e+01
   2.9148103e+01
   7.9966849e+01
   7.5301984e+00
  -2.9688404e+01
   6.3009177e+01
   6.0706713e+01
  -8.0165462e-01
   1.0187724e+02
   3.2876851e+01
   4.3873760e+01
   2.0688077e+01
  -1.1681037e+01
   1.4169227e+01
   2.6937604e+01
   5.4664249e+01
   1.3889356e+01
  -9.1894134e+00
   5.8526020e+01
   8.0971600e+00
   8.3621676e+01
   7.5080934e+01
   2.8777993e+01
   9.7522050e+01
   4.7935457e+01
   1.7087377e+01
   7.9244406e+01
   9.4322017e+01
   5.5362548e+01
   3.3719327e+01
   8.7542100e+01
   9.1936579e+01
   2.7393341e+01
   7.1846536e+01
   8.2815035e+01
   6.5339997e+01
   7.9842941e+01
   9.8945445e+01
   4.2292442e+01
  -3.3434906e+00
   3.5355160e+01
   1.0932501e+01
   5.9610303e+01
   6.0404731e+01
   2.4523469e+01
   8.5254632e+01
   3.7305936e+01
   3.3221197e+01
   6.6494516e+01
   2.1442194e+01
   5.3752290e+01
   3.7955493e+01
   3.5100977e+01
   4.4017749e+01
   4.9094892e+01
   2.8214745e+01
  -2.8581580e+01
   3.8860998e+01
  -1.1283095e+01
   3.7638756e+01
   8.5286567e+01
   1.7930695e+01
   8.0486545e+01
   6.3538953e+01
   6.4299806e+01
   3.1103150e+01
   3.8686242e+01
   2.1184219e+01
   2.4067359e+01
   2.3465887e+01
   5.6495444e+01
   2.6732694e+01
   9.1541971e+00
   2.1156065e+01
   7.6191309e+01
   3.3023567e+01
