6
16
9
3
23
9
41
6
36
19
7
16
6
10
52
1
11
32
35
15
35
15
27
22
2
30
22
5
32
20
30
28
23
25
23
11
4
23
5
10
26
16
1
3
75
23
14
27
32
23
2
6
14
21
25
12
8
4
59
18
4
53
2
14
6
10
17
40
10
26
40
34
81
26
29
42
4
46
9
15
11
28
18
27
8
56
10
1
22
14
22
2
12
6
31
22
53
10
51
34
15
1
8
57
57
9
23
9
75
78
59
19
16
8
3
8
43
6
12
47
1
17
43
1
18
8
20
9
1
43
62
28
11
10
31
1
18
4
37
13
2
4
77
7
25
13
12
20
23
38
59
28
10
2
3
38
48
3
5
21
23
2
5
40
18
21
25
12
7
34
11
1
17
11
57
4
5
37
23
3
16
3
4
5
21
4
20
6
15
11
34
15
1
1
17
18
21
35
11
8
12
52
22
8
8
24
5
24
4
2
15
18
9
26
65
21
2
14
65
8
26
13
22
13
22
4
16
10
15
20
2
31
6
23
12
38
2
4
8
32
2
7
20
10
20
11
2
26
17
