14
2
30
34
52
31
35
24
17
2
9
13
13
11
2
1
1
2
8
3
37
8
15
7
17
16
36
54
2
20
22
19
3
31
23
5
10
13
14
9
14
38
16
41
8
3
15
14
20
52
23
17
14
9
12
8
11
28
45
23
13
40
5
20
8
14
36
5
39
4
29
15
17
16
1
4
29
20
43
35
21
2
5
1
29
2
51
20
5
29
13
33
1
25
4
12
34
19
28
69
6
25
40
6
15
2
40
60
32
21
37
6
32
11
18
14
36
21
2
6
25
39
44
35
36
8
23
3
33
9
17
31
2
16
34
48
3
25
1
12
2
10
14
14
23
41
29
6
6
22
30
18
19
9
10
24
18
11
36
8
10
46
7
45
11
12
38
45
28
21
5
30
5
7
14
23
31
11
5
22
1
28
10
12
24
12
8
4
25
57
15
16
1
58
11
8
11
8
5
7
15
46
7
24
7
17
11
5
15
53
22
11
31
8
18
15
18
11
18
2
22
2
21
5
19
1
20
35
19
38
16
27
24
58
30
20
3
2
3
19
36
28
10
16
33
21
2
4
1
22
