18
35
25
33
25
21
13
6
16
36
38
8
13
2
16
7
2
33
17
63
70
11
25
44
32
29
4
4
3
1
3
3
13
13
4
51
6
4
4
23
51
45
4
27
7
5
4
2
21
10
13
5
34
7
46
5
33
12
73
4
3
21
29
8
10
13
6
26
8
2
27
2
25
9
57
6
18
32
12
23
55
28
3
19
3
5
8
2
16
12
1
18
30
13
33
27
21
39
14
15
42
2
28
1
9
14
51
2
26
10
7
19
6
8
34
9
10
4
30
9
1
36
17
9
13
16
25
19
49
14
8
4
5
46
1
14
26
3
6
1
15
5
4
52
12
10
3
37
10
3
16
4
11
9
11
16
10
33
17
16
16
10
13
1
9
36
3
6
3
15
8
21
4
8
33
24
25
5
10
13
8
17
12
3
2
2
3
5
36
9
13
14
1
9
7
7
30
8
5
6
4
5
22
11
3
9
8
