11
14
24
10
26
10
3
5
2
2
7
6
3
42
23
1
32
20
16
36
4
3
5
7
14
9
21
49
6
14
4
10
5
6
3
12
3
14
18
4
1
5
4
14
8
12
16
30
25
3
12
13
23
11
4
19
25
19
8
8
22
3
24
7
22
2
17
49
26
21
1
31
5
11
4
15
36
10
2
6
12
14
17
14
16
41
48
27
4
16
16
41
18
15
31
12
18
10
11
7
7
2
8
36
7
14
12
14
8
8
9
5
52
20
22
17
14
6
17
6
8
12
5
16
7
11
17
16
26
4
2
6
3
71
13
5
10
8
11
10
13
6
21
12
10
18
8
19
10
11
2
4
15
32
10
18
21
12
1
11
20
5
23
4
7
41
56
12
31
22
8
17
15
7
7
3
10
51
1
1
30
3
24
18
12
19
4
1
25
8
1
27
38
60
13
42
27
1
25
28
23
17
35
3
14
72
32
46
27
4
31
2
18
2
4
5
15
4
7
6
6
13
4
18
18
4
9
24
32
30
8
4
13
2
23
19
4
26
13
11
1
28
5
3
5
6
31
3
9
22
88
24
1
4
11
29
11
44
31
7
1
7
28
8
19
9
4
40
1
9
8
42
10
3
17
12
14
5
6
8
3
1
16
18
26
18
25
11
26
8
9
4
18
