2
21
21
13
8
26
39
25
8
14
41
11
8
2
12
15
31
33
2
11
10
18
4
5
3
10
1
2
1
22
10
7
5
47
8
16
5
11
6
21
17
30
14
12
14
2
8
5
17
2
19
11
23
26
34
13
3
50
4
16
6
19
5
15
27
30
21
5
15
9
8
3
9
13
6
15
28
3
3
23
5
15
3
14
17
11
9
13
16
12
2
11
9
34
41
23
4
2
12
13
15
11
5
45
6
25
8
28
15
2
24
2
11
7
29
37
5
19
7
14
3
33
5
6
5
32
16
4
7
19
18
16
3
6
28
4
9
18
33
30
11
8
46
4
11
49
11
18
49
47
24
9
24
37
7
12
2
13
12
24
27
12
5
9
30
10
24
29
13
9
8
6
6
6
16
19
23
31
44
20
11
6
4
9
40
21
3
7
10
8
22
3
15
5
19
11
6
9
26
10
45
1
8
13
18
35
15
9
5
33
13
14
7
32
3
8
8
17
29
27
13
13
4
26
9
13
9
36
7
4
9
13
8
