11
16
2
47
5
23
23
7
7
9
11
21
38
6
12
26
12
27
23
30
4
6
4
14
2
45
3
8
9
3
23
14
15
3
6
34
18
17
8
14
6
1
17
27
9
10
10
21
52
38
7
6
15
38
39
37
1
15
49
33
9
11
1
12
24
26
20
4
1
9
38
19
6
30
19
18
74
4
8
28
7
28
27
7
15
19
42
22
73
22
53
7
16
7
50
3
12
3
64
6
6
40
24
7
41
35
23
12
14
22
24
4
35
12
45
3
19
42
16
14
11
31
13
12
24
7
12
17
50
49
6
9
23
1
35
18
12
4
5
32
39
16
6
3
32
19
12
28
46
58
16
27
10
8
12
16
6
17
2
41
18
11
15
18
39
2
15
14
13
6
27
12
22
4
14
13
14
16
9
26
13
19
4
16
37
1
17
38
19
33
61
7
18
46
30
9
35
39
42
7
9
6
8
12
25
12
26
27
16
15
5
3
9
6
21
24
47
11
17
5
6
2
48
39
14
21
12
8
7
6
35
2
2
22
13
14
49
9
26
70
13
13
13
7
21
3
13
6
4
19
3
2
