17
4
45
16
7
40
19
5
2
6
39
26
19
7
33
25
10
30
10
10
7
12
11
4
6
26
21
6
44
29
25
16
28
14
3
8
9
23
41
39
11
14
5
27
13
44
19
22
7
8
6
11
16
23
12
3
9
62
12
13
6
30
42
11
28
5
1
28
1
14
43
12
10
2
18
9
19
22
5
21
40
16
52
69
20
14
15
20
25
61
1
11
37
27
66
70
35
6
10
35
6
2
51
6
3
44
4
10
8
19
5
12
49
7
8
9
21
19
10
11
16
5
4
6
12
6
11
6
12
16
8
1
13
19
22
23
5
28
1
11
33
7
33
10
16
9
13
3
12
16
29
20
25
14
18
11
6
3
13
5
15
4
53
2
5
12
12
17
40
13
9
45
19
47
24
6
16
6
46
18
2
36
2
10
15
17
18
61
10
11
22
26
45
11
40
17
4
15
22
2
7
3
13
2
12
25
8
40
14
36
17
13
9
6
22
43
18
10
11
10
19
29
11
2
14
12
4
25
5
4
3
12
5
22
46
15
5
29
14
3
22
5
5
1
8
5
10
7
15
59
33
1
5
22
5
5
7
18
34
25
17
8
19
16
9
18
