38
31
14
9
11
2
20
35
12
6
1
25
17
4
26
13
20
35
15
46
19
17
15
38
39
15
10
8
13
1
9
2
15
5
3
14
13
14
37
22
29
6
3
14
12
33
4
8
17
26
11
10
20
9
19
37
13
23
43
9
14
24
1
55
24
30
8
15
24
16
38
36
1
22
15
5
11
5
12
22
24
21
2
6
29
22
13
21
8
14
26
30
15
4
1
10
33
8
9
12
3
8
38
16
2
41
9
11
25
2
17
3
46
24
13
22
15
29
43
13
1
7
20
2
38
19
17
20
4
3
11
10
8
3
7
3
16
11
4
6
28
9
8
22
8
14
41
13
30
35
11
13
4
14
2
6
1
7
34
4
4
2
35
35
8
19
31
2
13
7
13
2
52
20
7
13
2
4
34
1
2
11
9
14
25
5
18
1
8
1
1
8
2
3
2
12
7
7
4
10
4
6
8
10
19
7
18
13
7
18
5
5
8
22
6
15
20
12
7
18
22
34
5
8
6
19
30
11
19
11
8
3
48
17
24
9
11
2
10
17
16
31
39
32
8
6
2
1
3
22
1
4
19
7
52
14
13
11
15
5
10
33
8
14
7
44
12
8
9
7
19
4
26
10
20
18
17
12
6
5
3
11
7
4
3
18
8
3
1
12
8
7
14
15
4
19
37
22
23
4
1
12
5
42
28
4
8
6
26
21
13
12
4
14
33
11
41
25
3
7
11
26
