18
10
3
20
6
1
2
17
7
39
17
3
23
16
3
18
16
3
14
3
18
15
8
6
10
9
13
7
6
14
1
15
8
10
4
5
1
44
10
3
17
5
11
21
16
33
2
20
21
24
11
12
4
13
18
11
14
10
10
10
5
15
9
21
1
10
19
14
13
4
5
28
4
25
19
15
10
60
1
15
10
27
5
12
3
13
15
3
34
12
25
4
31
7
7
3
21
6
18
2
4
26
9
27
3
9
2
29
13
5
5
9
13
15
28
9
14
37
1
7
11
20
16
1
4
21
10
14
18
14
15
15
1
21
22
5
4
9
19
4
39
21
19
4
7
16
11
7
3
28
4
26
17
39
7
21
4
12
24
12
32
5
2
7
41
18
15
10
10
9
17
1
23
7
11
4
13
6
12
7
17
28
6
19
20
20
7
5
49
2
44
18
37
21
32
9
2
35
22
20
15
11
47
16
38
35
4
13
14
29
8
4
4
11
4
15
3
36
4
11
1
37
10
10
31
