18
7
4
15
6
15
24
21
2
23
26
9
32
13
22
39
19
22
10
8
5
16
15
2
9
4
5
4
1
24
10
10
6
43
23
11
47
20
25
5
11
56
11
65
13
1
7
15
70
79
18
80
1
31
46
16
32
11
7
3
3
24
5
29
1
16
9
8
42
18
3
15
10
27
4
34
15
3
4
12
12
11
23
25
17
4
12
10
2
14
7
40
4
4
3
7
60
12
23
28
53
3
4
18
18
12
4
25
24
43
20
16
14
6
29
18
12
9
5
30
9
15
32
21
16
3
13
15
38
7
16
39
35
12
32
30
34
27
36
5
17
81
16
5
1
2
10
6
21
13
1
9
13
51
3
3
2
8
22
22
15
68
33
5
5
5
24
30
17
2
17
37
17
19
25
13
70
1
3
12
13
12
9
10
6
31
16
2
10
15
12
11
3
6
37
8
17
18
5
10
5
1
28
20
