35
54
12
23
17
37
8
20
4
4
10
18
19
20
18
18
18
13
4
29
18
8
12
11
35
27
8
26
6
6
5
15
1
22
16
18
8
5
4
20
5
20
53
19
11
10
11
27
36
5
18
1
2
13
24
12
11
15
27
15
4
10
8
39
29
3
3
21
3
11
8
65
12
24
14
3
8
41
19
4
2
10
9
10
25
16
13
16
30
45
25
36
3
32
16
29
17
32
7
28
2
9
38
19
23
14
14
4
4
6
9
9
4
15
9
11
39
4
11
18
10
10
8
2
11
40
21
5
28
7
19
13
11
1
24
32
22
24
21
6
18
10
30
16
32
33
12
18
23
5
8
32
7
19
3
4
14
9
19
21
6
9
22
14
5
21
6
7
7
44
10
34
44
14
9
19
26
9
17
35
64
3
16
17
30
44
9
26
10
9
11
11
12
28
1
49
40
3
35
10
15
17
14
22
11
2
14
14
38
14
12
8
10
6
33
7
25
15
2
29
32
10
13
3
19
2
14
7
18
23
11
10
6
13
6
25
24
7
18
9
11
10
19
29
6
15
33
23
9
2
11
14
26
14
8
6
24
28
3
3
17
1
4
3
19
3
8
10
26
13
