 -3.9619378e+288
 -1.4381680e+288
 -2.2902974e+288
  1.3989988e+288
 -3.3879671e+287
  4.4185352e+273
 -1.2002075e+186
  4.9522669e+240
  1.9013966e+241
  7.2426792e+240
  2.1805084e+241
  1.3516211e+241
  2.1805084e+241
  7.2426792e+240
  1.0905204e+241
  2.2711730e+241
  2.1810407e+241
  4.6256635e+240
  1.4485358e+241
  3.5519761e+240
  5.4526018e+240
  5.4526018e+240
  7.2426792e+240
 -1.2795023e+241
 -3.7898541e+241
 -2.5871428e+241
 -1.5034333e+240
  2.1527152e+257
  6.3425352e+271
 -9.3904359e+207
  5.4015944e+221
  4.8936551e+208
  4.1321942e+208
 -2.9137043e+184
  8.5515469e+223
 -2.5382028e+206
 -2.8427872e+207
 -1.1128717e+193
  5.7109564e+206
  1.3198655e+207
 -2.3723226e+271
  1.3297302e+190
 -3.5598902e+190
  2.9529500e+241
 -3.1790991e+207
 -8.5097609e+194
 -1.3625109e+270
 -1.7965511e+155
 -6.8338104e+153
  2.8599560e+156
 -2.9878757e+157
  4.0808395e+256
  4.2726943e+157
  3.4952475e+241
 -3.4195392e+153
  8.7394563e+158
  3.0033971e+140
 -1.4286774e+144
 -5.1583831e+239
  2.7138199e+255
 -2.7580093e+157
  2.8616113e+157
  3.7046325e+240
  3.7316589e+153
  2.1100585e+144
 -1.4701271e+210
  2.5524859e+157
  1.5115197e+141
  7.8414275e+254
 -8.2460642e+141
 -4.2723038e+159
  7.2552429e+288
  3.3368960e+288
  1.8370020e+276
  6.0815251e+141
 -2.6670515e+154
  1.3121059e+144
 -2.8365596e+155
  3.4321916e+239
  8.3513187e+142
 -1.4626928e+156
 -8.4678848e+141
  1.2608177e+156
 -4.6099611e+144
 -8.4658354e+154
  2.9169082e+158
  5.3794074e+150
  5.0195745e+154
 -3.0324166e+158
 -1.8678926e+153
  1.3121059e+144
 -1.6914328e+143
 -8.2059635e+140
 -1.4087725e+144
 -9.9689337e+156
  1.7594314e+158
 -2.8229886e+142
 -7.3037192e+203
  1.4704792e+140
 -3.8217454e+156
 -3.1809675e+129
  8.3513187e+142
  3.6139252e+155
 -6.0874650e+203
 -1.0587291e+155
 -1.4892983e+157
 -8.0135137e+191
  1.0075113e+157
  5.8496004e+191
  1.4629103e+188
  1.0301470e+155
  4.3031117e+151
 -3.5022986e+135
 -8.0135137e+191
 -2.4803172e+178
 -6.0029675e+140
  1.4757635e+140
  9.1078985e+142
  6.0467185e+152
 -5.4733382e+140
  1.1482431e+145
  3.6622474e+143
 -4.7519812e+152
  1.2446548e+140
  6.8191603e+140
 -8.4678848e+141
  4.7276031e+159
 -4.0930248e+157
  6.0987618e+143
 -5.2508729e+141
 -3.1809675e+129
 -2.7381617e+141
  4.8311537e+153
  3.5017244e+153
  6.8692993e+144
  2.3619241e+159
 -1.7779720e+141
  1.7399066e+194
  1.0635684e+142
 -9.5566788e+142
  6.6956812e+141
  1.8824986e+194
  1.4775127e+144
  6.2145256e+140
 -4.6356397e+142
  2.9093711e+239
 -4.4937588e+141
  6.0815251e+141
  2.6910636e+143
 -9.0048174e+140
  4.0384724e+142
 -1.9237136e+144
  4.2877043e+141
  1.0644477e+192
 -2.8325140e+129
  1.7986728e+257
 -2.1878544e+143
 -1.6224632e+141
  5.2560754e+141
 -4.4408412e+141
 -5.7928042e+193
  4.9631901e+140
 -8.7222431e+209
 -2.3822258e+199
 -6.0363958e+209
  4.6797385e+142
  1.4639166e+140
  6.0312889e+142
  6.1216674e+141
 -3.1142830e+155
 -6.7480005e+140
  5.5293345e+140
  1.5108832e+139
  2.5781060e+141
 -1.2372139e+142
 -2.9790611e+141
  6.1403428e+140
  6.7780139e+193
  3.2342305e+141
 -1.1097361e+141
 -8.9915560e+141
  1.0409920e+142
 -1.0102339e+193
  1.1767104e+142
 -1.1039967e+142
 -8.4959243e+140
  1.1444563e+142
 -3.2451935e+141
 -1.8454101e+142
  6.5312233e+141
 -7.6189405e+140
  1.5388002e+141
  1.7185918e+140
  5.6017259e+191
  6.2390145e+140
  9.0285862e+156
 -2.0928863e+142
 -1.4779602e+141
  3.3412954e+193
 -2.1878544e+143
 -1.2137305e+193
 -1.0218515e+158
 -1.1443555e+155
 -5.2508729e+141
 -6.2358665e+140
 -8.6953959e+141
 -3.7735100e+141
  6.7793160e+144
 -4.7327636e+143
 -2.1878544e+143
 -3.5738139e+141
 -8.1361620e+171
 -1.0338538e+129
 -1.1455165e+172
 -4.3742703e+170
 -1.3379923e+129
  2.9365164e+129
  9.1078985e+142
 -5.6337849e+130
  2.2273084e+239
  7.4282122e+131
  9.8434365e+131
 -9.2477435e+184
 -6.0780629e+143
  2.2879686e+130
 -2.8588930e+130
  2.3741084e+131
 -1.9882488e+131
  4.9439250e+115
  3.3316397e+147
 -1.1379324e+135
 -7.5139585e+159
 -1.2448451e+158
