18
5
1
47
10
2
24
17
8
13
18
25
35
24
28
17
7
37
54
15
17
4
8
8
10
2
14
13
20
9
1
2
14
24
43
7
3
5
5
2
2
17
37
11
13
15
15
36
23
36
13
6
28
16
24
14
17
16
17
5
8
16
9
9
14
9
20
13
20
40
2
29
14
15
7
16
24
5
5
12
33
8
19
1
7
8
14
6
4
11
39
38
10
5
15
7
29
28
3
8
19
3
42
6
11
35
38
3
40
18
14
30
17
13
33
16
29
42
9
16
19
33
5
8
3
11
16
13
4
24
59
16
35
23
17
11
14
7
2
28
3
9
36
15
14
16
13
23
2
4
34
28
9
37
7
16
7
30
20
15
36
14
15
43
14
3
5
11
44
40
11
62
34
8
13
30
11
15
19
19
10
23
16
8
20
17
12
6
12
5
3
13
40
5
26
29
26
17
5
1
42
2
33
53
5
21
3
18
4
7
5
34
1
6
30
39
19
3
11
24
37
25
7
25
20
20
20
2
41
36
21
3
16
3
17
9
31
47
33
8
17
2
3
15
13
6
24
28
46
24
8
26
35
18
22
15
22
25
19
13
18
20
8
18
2
7
33
18
12
12
10
6
39
21
9
21
7
18
27
2
19
33
16
12
33
5
53
50
3
5
34
53
48
4
36
18
2
13
13
7
33
10
28
19
23
2
6
18
31
38
47
6
16
17
28
14
13
7
8
5
29
36
4
4
7
8
15
4
