21
41
13
3
4
25
9
1
19
18
7
6
12
3
25
17
18
37
33
22
5
37
7
17
4
1
9
21
6
20
23
18
5
19
11
8
1
6
6
2
12
18
37
2
24
3
27
2
14
15
25
8
14
23
18
2
5
7
13
3
2
8
30
8
27
1
10
1
5
26
11
7
22
30
55
7
15
40
4
6
38
26
1
7
7
33
29
19
4
8
22
15
29
10
3
4
3
11
18
14
11
35
12
16
31
17
19
25
21
29
13
7
23
4
21
4
15
25
12
1
19
9
8
7
4
1
8
14
15
3
8
6
41
11
28
29
7
13
12
14
2
19
17
5
32
34
28
1
11
3
7
10
7
18
30
11
21
12
7
12
25
9
8
35
9
5
4
11
14
10
24
11
13
13
6
6
10
26
20
10
20
13
27
27
6
14
11
44
46
11
13
17
1
3
9
24
37
7
17
4
5
39
31
13
11
21
16
23
4
3
18
20
6
1
18
16
3
3
5
9
23
14
40
15
20
14
3
20
23
19
6
26
13
41
14
6
11
58
1
17
30
10
2
7
55
7
17
22
7
5
27
30
21
20
8
19
3
3
9
24
20
9
45
10
26
21
10
5
26
2
9
32
16
34
6
33
8
1
26
18
3
14
28
10
22
17
9
19
10
57
10
8
11
42
6
10
5
8
22
41
17
7
4
27
16
80
15
10
13
14
24
28
21
20
23
23
19
3
12
25
