18
2
35
36
7
4
5
20
7
7
28
7
9
39
3
3
17
5
10
32
35
29
11
2
17
12
10
54
12
30
14
15
46
16
5
4
5
18
40
4
22
13
3
5
8
29
8
39
52
1
12
36
4
21
14
18
1
4
32
50
6
55
19
17
10
48
7
27
16
6
33
18
7
5
12
67
6
14
12
12
1
16
103
35
68
9
42
4
32
32
26
15
19
15
3
18
3
20
63
37
20
20
29
22
6
14
15
15
7
4
15
39
30
8
56
61
22
31
18
1
38
15
14
3
2
8
32
30
35
9
26
24
1
6
14
17
3
11
11
34
14
22
16
13
7
19
14
15
20
3
21
22
17
33
2
3
21
10
9
3
2
7
28
30
22
23
10
9
15
18
46
21
61
4
22
46
21
2
3
5
7
11
20
10
6
34
22
1
1
13
4
46
23
51
15
18
36
1
13
63
15
54
42
2
40
2
17
4
23
41
9
16
3
7
31
6
11
10
2
10
40
12
12
2
35
45
3
9
10
19
8
9
9
41
9
11
37
20
7
13
7
11
26
4
6
40
27
50
22
1
3
6
12
