  -2.6514019e+01
  -1.8680620e+00
  -4.2529444e+00
   8.6450714e+00
  -6.1434672e+00
  -1.3535983e+01
  -4.4425601e-01
  -2.1868644e+00
   1.6374059e+01
  -9.5359001e+00
  -1.6959082e+01
   4.1420978e+01
   1.0396968e+01
   1.1808800e+01
   3.2358099e+01
   5.4184416e+00
  -2.9879574e+01
   1.6164725e+01
   1.0172680e+01
   2.1384460e+01
  -2.3937484e+00
   3.8677660e+01
   2.0484365e+01
   6.6758108e+00
   3.3140987e+01
  -2.8014875e+01
   1.6446080e+01
  -2.1830170e+00
  -3.1219334e+01
  -1.8689906e+01
   6.6671933e+00
   1.5024785e+00
   2.5554473e+01
  -1.2141599e+00
  -1.5479845e+01
  -1.8505610e+01
   1.2167562e+01
   5.9089167e+00
  -3.0337199e+01
  -1.2698247e+01
  -1.4335051e+01
   1.5467724e+01
   1.6806333e+01
   2.2207209e+01
   7.8266007e+00
  -4.3669866e+01
   2.0179533e+01
   7.8267691e+00
  -1.2331945e+01
  -8.9718922e+00
   4.4537116e+01
  -2.5754838e+01
   1.2144674e+00
  -2.4778005e+01
  -7.2449949e-01
  -1.2532722e+01
  -2.8047706e+01
  -6.7867910e+00
  -3.5685708e+01
  -4.8220855e+00
  -2.3912795e+01
  -1.1039023e+01
   9.6632828e-02
   6.7646435e+00
  -6.5475038e+00
  -1.9096242e+01
  -2.7997374e+01
  -1.0174235e+01
  -3.9822642e+00
   2.4317120e+01
   1.2996866e+01
  -2.2390846e+01
   5.0936701e+00
   6.6682583e+00
   2.8745246e+00
   1.1319220e+01
   8.6502460e-01
  -8.0125550e+00
  -1.0487981e+01
   1.0042946e+00
   7.8867006e+00
   1.6819640e+01
   3.1828668e+01
   5.6407554e+00
   1.4200010e+01
  -2.7127339e-01
  -5.9162577e+00
   4.4363061e+00
  -1.6053066e+01
   1.2716710e+01
   1.6336113e+01
   1.7459476e+01
   4.2980814e+01
   8.7807445e+00
  -2.8698814e+01
   8.7421892e+00
   1.8276983e+01
  -2.0456048e+00
  -2.1345377e+00
  -1.1857948e+01
  -3.5975416e+01
   9.0439301e+00
   6.6420894e-01
   8.6290594e+00
   2.6624523e+01
   1.0741856e+01
   3.4227020e+01
   2.9432427e+00
  -1.2660589e+01
  -1.4059720e+01
   4.4487846e+00
   6.9142724e+00
   8.1840218e-01
  -3.1950282e+00
  -1.5029272e+01
  -3.1037895e+00
   2.3894973e+00
   1.0845013e+01
   2.8707120e+00
   1.1498893e+01
   1.9997633e+01
   1.0483922e+01
  -1.2968830e+01
  -1.1563718e+01
  -7.7995983e+00
  -1.2092345e+01
  -9.8483663e+00
  -2.0701313e+00
  -1.1082913e+01
  -2.0708063e+00
  -1.1848067e+01
  -2.3985108e+01
  -1.9356905e+01
  -9.4533104e+00
  -2.1502616e-01
   5.3908219e+00
   1.6972755e+01
   1.3630940e+01
   9.5918974e+00
  -2.9684130e+00
  -6.4041373e+00
  -5.1481897e+00
  -1.5432852e+01
   7.8677075e-02
  -1.1545066e+01
  -1.4531729e+00
   1.9053245e+01
   4.1126018e+00
   2.5569077e+00
  -2.4763168e+00
   9.6633653e+00
   4.5375724e+00
  -2.1955053e+01
  -2.3118272e+01
   2.1455781e+01
   1.9522908e+01
  -3.8783378e+00
  -5.2168705e+00
  -7.6225304e+00
  -1.6764962e+01
  -2.9098739e+00
  -4.6789135e+00
   2.8063874e+00
  -3.0437753e+00
  -1.1162217e-01
   3.3135128e+00
  -6.2886722e+00
   3.6843362e+00
   4.1324253e+00
  -1.4761279e+00
  -2.3844340e+00
  -2.0021712e+01
  -1.8575295e+01
  -8.9973657e+00
   9.7466347e+00
  -1.1448420e+00
   2.9909453e+00
   1.0595304e+01
   1.0005964e+01
   9.6440607e+00
  -3.0159921e+01
   1.2470977e+01
   4.4055058e+01
   1.8506209e+01
   2.4147399e+01
   1.2043930e+01
  -1.1993687e+01
  -1.0700611e+01
   1.1510154e+01
   1.5707390e+01
   3.5259628e+00
   6.6060643e+00
   8.7963956e+00
  -1.4141051e+01
  -7.1562568e+00
   1.7042828e+00
  -6.2177691e+00
  -1.1193957e+01
  -4.3894058e+00
  -1.9755457e+01
  -8.3051941e+00
  -1.1563995e+01
  -3.3510837e+00
   8.9684406e+00
  -1.8171545e+01
