29
46
19
6
1
28
30
47
9
23
9
7
44
27
30
12
23
6
17
24
6
55
7
12
8
7
18
33
3
23
8
8
3
14
11
17
24
27
10
5
8
8
12
18
39
15
11
7
4
7
18
14
8
28
34
27
3
37
9
11
9
1
11
4
40
9
10
17
5
9
11
9
26
48
12
12
34
20
10
16
13
6
1
13
14
40
10
2
20
3
3
18
4
30
24
2
22
15
24
12
10
15
1
6
22
19
8
11
4
7
11
15
32
1
1
11
58
7
27
23
4
7
12
16
1
14
2
7
24
10
23
12
31
8
17
2
17
25
12
32
17
7
12
6
2
32
8
14
8
1
1
5
7
2
9
4
7
12
7
4
10
12
14
10
18
1
19
8
18
30
12
5
18
8
25
21
15
16
9
5
2
31
14
11
17
13
7
10
11
21
13
17
14
15
14
29
3
6
8
19
3
4
