61
28
28
51
28
29
5
1
12
5
3
4
33
20
21
14
20
12
7
8
36
1
18
23
15
24
12
27
13
12
21
19
18
63
35
4
5
2
10
37
4
4
30
19
29
15
14
37
9
2
15
12
32
20
47
33
24
9
8
8
9
50
4
11
7
14
7
13
5
1
9
8
18
3
11
41
14
23
11
11
3
5
12
20
15
55
28
15
4
18
4
6
23
20
33
33
35
2
27
57
22
13
7
24
38
10
12
15
35
15
16
14
8
55
2
19
46
12
2
16
22
65
24
24
31
1
66
15
1
7
8
26
20
32
25
12
34
22
13
1
2
18
4
26
2
13
13
8
17
15
6
5
20
14
20
2
2
13
7
9
23
12
15
21
3
1
46
12
24
3
30
19
7
16
47
6
6
11
21
33
13
38
1
1
22
8
16
8
1
36
41
36
4
14
16
3
8
7
18
14
13
2
10
3
25
3
16
15
13
23
12
17
13
7
5
8
24
9
8
2
9
4
6
19
13
3
9
13
12
15
20
61
39
2
25
6
3
1
49
33
14
19
37
11
3
20
19
