3
11
16
7
25
9
5
18
25
1
4
8
2
14
54
5
6
3
13
4
11
17
24
14
13
25
20
15
18
14
7
26
12
15
2
3
33
4
18
8
7
14
60
9
12
20
26
12
4
5
4
2
13
17
11
13
20
6
22
5
8
9
24
2
2
34
13
6
2
13
1
8
2
19
9
11
34
5
25
15
27
3
17
3
6
10
20
7
14
15
4
3
10
5
8
11
24
8
5
14
17
27
13
15
14
1
7
25
6
12
10
49
7
18
27
6
24
9
9
3
23
1
9
22
27
17
7
7
4
13
20
0
3
2
10
5
13
6
52
27
2
20
14
42
14
8
12
26
3
11
21
7
15
15
9
3
5
8
45
10
8
14
3
45
8
13
29
4
15
4
19
2
15
24
22
6
10
2
21
5
35
1
10
34
20
12
9
8
50
8
24
5
18
19
1
18
29
21
8
25
27
2
4
4
3
18
14
15
15
6
15
10
14
25
12
7
50
18
29
15
8
20
14
20
12
27
4
37
3
19
16
47
21
11
23
32
15
7
18
27
7
9
34
9
51
20
2
14
27
4
2
27
1
6
22
29
16
3
2
6
10
18
2
9
2
16
43
8
2
23
3
4
10
4
18
15
4
30
30
11
5
8
3
3
