8
49
8
36
36
1
7
36
21
5
6
53
11
6
17
18
8
36
22
13
14
23
37
10
15
26
8
23
9
24
29
51
26
1
11
33
19
50
17
17
36
6
7
20
8
13
10
5
19
47
2
27
3
12
28
11
19
2
26
2
32
20
35
13
26
5
41
3
3
21
12
26
20
19
10
26
11
14
10
35
12
30
12
43
7
32
7
23
26
12
43
15
8
8
19
9
22
10
16
13
27
14
12
1
11
3
10
8
12
16
22
36
22
21
4
8
20
4
33
54
6
1
36
22
15
18
9
17
16
49
11
12
32
8
13
13
23
40
16
3
15
2
3
28
5
15
3
31
22
60
18
18
35
8
28
11
17
10
10
24
8
21
11
36
25
2
4
32
12
19
5
28
10
4
7
16
10
20
36
16
14
18
13
6
6
25
6
4
15
8
24
39
3
15
5
37
31
23
15
12
6
24
1
7
16
16
12
21
23
22
16
8
6
23
25
7
26
7
25
15
13
6
19
50
3
11
23
6
23
9
3
4
22
32
31
12
10
6
10
21
14
24
4
24
19
6
20
22
4
7
6
17
9
1
16
51
17
1
28
9
8
13
5
10
15
53
6
3
6
7
8
3
11
3
21
10
23
5
34
10
2
18
12
39
9
21
16
15
23
27
12
37
8
18
9
16
11
14
49
3
16
25
36
14
27
12
19
18
13
3
34
17
30
20
8
13
1
28
31
9
8
16
13
19
20
15
37
11
18
11
6
3
14
1
13
12
14
23
19
18
5
12
1
37
18
14
30
7
27
12
8
6
2
5
8
45
32
20
21
36
14
26
15
