15
12
8
25
5
37
13
33
15
12
39
2
41
22
24
31
42
14
28
20
34
8
16
16
9
47
7
14
7
1
20
17
14
13
9
20
7
5
11
22
15
22
10
7
12
5
13
14
15
28
8
14
11
2
13
44
10
11
5
10
43
8
16
26
8
9
2
7
4
50
15
24
1
44
31
22
17
2
19
22
9
10
18
4
10
15
20
8
32
2
30
15
4
15
25
10
15
16
15
38
1
14
1
14
14
31
8
55
5
40
40
16
21
22
26
5
25
58
24
53
41
15
6
21
10
23
17
20
6
9
20
25
22
40
27
25
22
28
6
2
25
40
13
45
29
28
2
30
50
14
20
7
1
8
2
19
1
8
13
12
38
6
24
30
30
7
18
22
11
7
4
26
24
19
22
27
22
3
29
16
4
19
7
35
26
17
25
19
13
2
17
25
14
6
1
24
25
3
11
23
35
30
49
15
34
27
5
6
22
54
16
5
40
10
23
24
16
27
45
31
2
2
7
29
20
22
18
