50
15
24
33
12
7
4
21
18
8
2
6
6
15
6
1
43
14
3
5
28
11
13
3
5
51
1
21
43
5
4
6
55
10
9
21
20
3
10
13
5
20
6
19
13
3
24
8
24
15
5
6
21
20
13
1
2
3
9
38
23
35
19
17
4
10
19
26
17
23
28
15
9
9
3
7
5
10
3
16
12
25
24
5
5
1
10
21
4
37
15
30
15
30
10
9
12
35
6
38
15
4
7
7
6
5
2
4
3
85
8
19
14
12
17
5
26
3
3
11
6
6
16
35
9
17
7
2
22
6
21
35
68
11
61
42
3
4
16
25
2
4
1
10
9
31
2
25
2
29
13
6
3
19
21
50
3
2
12
1
6
9
11
11
24
3
26
29
8
3
42
6
11
9
25
3
8
9
8
16
39
79
5
6
4
36
7
7
5
17
15
4
10
10
3
20
6
11
1
18
19
11
24
3
8
4
3
27
11
23
20
15
8
19
19
39
9
12
14
40
7
37
52
22
19
6
14
2
3
15
20
9
7
7
48
6
11
21
4
12
25
9
12
20
41
40
5
18
7
1
17
5
12
46
8
3
8
