27
8
12
27
14
7
51
12
21
1
1
2
26
4
20
3
28
41
19
13
28
11
3
2
4
19
18
23
2
2
20
18
14
2
6
13
32
35
16
19
14
1
16
18
17
16
4
29
66
34
6
14
12
25
25
2
8
3
20
62
16
2
4
17
20
17
8
2
2
11
16
28
1
3
13
22
15
26
40
22
47
12
8
1
3
16
57
4
20
13
8
2
18
1
18
40
4
14
2
8
2
17
31
23
19
23
10
37
1
9
3
2
11
45
5
3
3
8
29
12
14
23
34
8
2
33
11
7
28
39
30
23
11
26
30
9
25
14
43
12
5
17
24
29
3
24
44
2
4
12
8
12
20
12
17
41
20
9
11
30
1
14
4
18
8
46
27
24
6
6
11
3
13
21
19
3
2
3
8
8
54
22
11
58
25
28
27
26
21
16
30
26
13
13
43
27
17
10
7
48
27
10
9
12
11
9
30
7
28
32
5
23
7
24
31
13
2
2
16
6
32
25
7
19
53
35
5
23
16
30
13
37
9
7
10
50
28
32
6
7
44
11
1
5
5
46
16
19
20
29
54
23
12
13
1
13
3
7
13
13
36
29
17
40
5
36
17
12
12
12
28
2
49
