   3.3781515e-02
   8.1573508e-02
   2.3653620e-01
   2.7134828e-01
   6.4061478e-01
   8.6428350e-01
   3.7837108e-02
   7.7593044e-01
   5.9293640e-02
   8.1403563e-01
   4.7664965e-01
   1.1133570e-01
   7.3625887e-01
   7.8898965e-01
   9.3914370e-01
   7.6302469e-01
   8.8072410e-02
   4.6625064e-01
   7.5368933e-01
   1.4325754e-01
   8.9046773e-01
   6.1197486e-01
   8.0789415e-01
   1.3817491e-01
   4.3734367e-01
   1.1905675e-01
   3.2779606e-01
   1.8554972e-01
   7.7745842e-01
   5.5571767e-01
   1.2053085e-01
   6.2700001e-01
   2.2959979e-01
   6.5336392e-01
   4.4810464e-01
   2.8717961e-01
   1.4804322e-01
   1.5350809e-01
   2.1020991e-01
   5.9475185e-01
   4.6827847e-01
   4.3270159e-01
   7.6979358e-01
   5.7991886e-01
   4.1881863e-01
   5.7714891e-01
   9.3905958e-01
   6.4581551e-01
   4.5358741e-01
   4.2752094e-01
   4.4321230e-01
   7.0665644e-01
   7.7282885e-01
   3.9414922e-01
   7.6393814e-01
   6.2715155e-01
   4.2030945e-01
   2.4686307e-01
   4.7107441e-01
   4.5054944e-01
   3.6859833e-01
   1.5050779e-01
   4.0207465e-01
   2.0371002e-01
   4.5150191e-01
   8.0220311e-01
   6.2955951e-01
   8.5081569e-01
   1.9835927e-01
   6.5219472e-01
   8.2181065e-01
   6.3544517e-01
   1.9695583e-01
   3.8324652e-01
   3.0566171e-01
   6.7515206e-01
   5.7964091e-01
   4.6411469e-01
   6.3877850e-01
   2.2361510e-01
   1.8048712e-01
   3.6018555e-01
   3.3850899e-01
   3.6100973e-01
   4.9570302e-01
   6.1063895e-01
   3.6717816e-01
   3.1252858e-01
   6.3824903e-01
   5.7979896e-01
   8.3525312e-01
   9.6797405e-01
   4.4779377e-01
   9.6069087e-01
   3.8644345e-01
   4.6762834e-01
   6.9322329e-01
   3.3476336e-01
   7.4932242e-01
   3.6055810e-01
   2.2348120e-01
   1.2490374e-01
   8.6900657e-01
   7.4357530e-01
   3.1075683e-01
   2.4365884e-01
   5.0588532e-01
   5.2711411e-01
   6.6568146e-01
   5.8366804e-01
   7.6259163e-01
   4.9266285e-01
   4.3702491e-01
   1.0197148e+00
   7.9835415e-01
   4.7833151e-01
   4.6958870e-01
   3.3240239e-01
   5.6460900e-01
   4.1407352e-01
   7.3409341e-01
   7.0324426e-01
   7.6255215e-01
   3.9148040e-01
  -2.3045097e-02
   9.1371634e-01
   4.1056952e-01
   8.3377544e-01
   7.0327631e-01
   7.4456802e-01
   3.2680190e-01
   6.1557588e-01
   7.1521103e-01
   6.6575179e-01
   5.0569533e-01
   5.5714438e-01
   1.6248814e-01
   4.9325840e-02
   5.8175441e-01
   1.2031501e-01
   4.3270746e-01
   1.4534555e-01
   8.0472696e-01
   9.5048834e-01
   8.5501927e-02
   5.4303568e-01
   5.3659932e-01
   3.8763534e-01
   1.7517749e-01
   6.2718926e-01
   3.9817821e-01
   1.7448568e-01
   6.5822037e-01
   8.5737394e-01
   7.1897785e-01
   6.8602032e-01
   3.1001737e-01
   8.3596175e-01
   4.0557162e-01
   2.9907912e-01
   2.6505119e-01
   3.0245412e-01
   6.5142597e-01
   2.0437414e-01
   6.8296256e-01
   3.3117654e-01
   3.9388783e-01
   3.4486588e-01
   5.3828573e-01
   2.9007922e-01
   9.2698938e-01
   9.2964020e-01
   5.9986085e-01
   4.8544433e-01
   7.9627560e-01
   3.0671740e-01
   6.2055061e-01
   4.6608593e-01
   2.3988244e-01
   7.0647477e-01
   3.5314036e-01
   6.0646547e-01
   6.7479238e-01
   8.8847688e-01
   2.2947110e-01
   7.7957154e-01
   5.6123071e-01
   3.0431613e-01
   7.2017438e-01
   1.2440615e-01
   1.1338049e+00
   3.6069421e-01
   1.3601906e-01
   1.5157491e-01
   7.5274658e-01
   2.2769149e-01
   1.0721544e+00
   2.7997676e-01
   2.5491012e-01
   5.7918127e-01
   8.7625096e-01
   4.7730966e-01
   4.5318276e-01
   4.5210787e-01
   3.4616942e-01
   4.3417992e-01
   5.2591859e-01
   6.4957435e-01
   4.6541794e-01
   4.7603832e-01
