7
3
4
19
5
15
14
5
32
53
4
6
3
9
54
49
39
40
8
6
23
22
14
4
6
18
26
12
22
14
9
14
11
10
2
3
21
8
15
10
2
4
24
17
1
30
40
16
15
45
19
14
14
17
2
36
16
31
10
17
7
5
8
3
20
31
3
5
7
18
2
30
68
8
1
16
14
17
3
10
14
2
50
9
13
3
11
29
7
4
11
61
2
3
16
2
17
37
7
10
26
22
1
17
37
18
13
8
1
8
11
40
17
6
21
40
39
36
55
4
10
67
10
17
20
31
5
15
9
35
15
23
23
8
31
10
21
19
8
4
26
9
5
3
21
12
4
19
2
1
10
16
7
33
16
8
23
1
2
3
20
54
6
47
6
6
22
16
13
48
55
12
12
44
21
6
11
4
26
23
29
14
7
13
33
16
14
7
32
7
19
8
4
2
1
35
6
7
48
24
3
7
9
47
28
3
23
3
33
7
11
39
2
6
25
8
11
11
10
4
13
23
33
13
13
8
23
8
11
28
10
13
9
29
30
15
22
20
16
5
6
22
25
