6
6
11
7
16
3
26
6
1
9
5
1
9
17
1
18
33
2
33
23
3
30
5
13
19
21
12
34
35
6
23
5
11
3
32
11
18
32
7
15
11
20
6
14
9
3
5
6
14
13
6
16
1
48
7
1
1
5
27
30
5
19
6
2
17
11
16
6
22
6
12
22
11
33
15
11
15
11
29
17
4
12
5
13
15
20
1
8
3
5
5
16
30
4
16
6
16
10
11
4
10
34
6
8
2
14
24
6
25
6
3
6
4
26
5
2
5
8
25
7
9
10
6
4
13
11
23
19
21
13
6
11
12
25
5
24
27
18
3
20
6
19
11
26
16
7
24
47
11
12
5
1
11
21
7
6
38
29
4
4
14
7
22
20
3
12
15
7
34
10
42
19
9
13
11
28
2
3
3
8
15
3
36
26
1
2
45
13
43
6
20
31
53
3
2
6
53
7
5
50
11
6
15
5
4
19
9
11
10
3
7
29
2
4
23
21
13
3
4
3
2
16
12
15
13
5
19
9
10
2
11
23
24
21
13
23
25
29
17
48
2
9
13
12
16
3
9
7
8
2
