   1.6360760e-01
   4.1821874e-01
   5.4990486e-01
   5.5624818e-01
   3.9617335e-01
   2.8303452e-01
   5.3413730e-01
   5.3870691e-01
   7.0088587e-01
   3.1697712e-01
   3.9821818e-01
   9.2878095e-01
   5.9668165e-01
   7.0202766e-01
   9.4270085e-01
   6.2500625e-01
   1.1798716e-01
   6.0983277e-01
   6.2377870e-01
   6.9214834e-01
   3.8703442e-01
   1.0052838e+00
   7.9285863e-01
   5.9563563e-01
   8.9270835e-01
   1.7519040e-01
   6.7585937e-01
   4.5249364e-01
   1.5260616e-01
   2.6188778e-01
   6.6361707e-01
   3.9164439e-01
   7.8543450e-01
   5.2101622e-01
   5.0624107e-01
   2.8500138e-01
   5.3347688e-01
   5.7143593e-01
   1.7048670e-01
   3.0162176e-01
   2.9618848e-01
   5.4318201e-01
   7.0298032e-01
   6.2231050e-01
   7.7023154e-01
   7.1658002e-02
   6.2806613e-01
   6.3569772e-01
   3.9827456e-01
   4.0689779e-01
   8.9286609e-01
   1.2493373e-01
   4.8202850e-01
   2.0549005e-01
   5.6751743e-01
   3.5352429e-01
   1.5538761e-01
   4.1887855e-01
   2.5301965e-01
   5.0854237e-01
   2.4140515e-01
   3.6911604e-01
   4.7541120e-01
   5.7122137e-01
   4.4176873e-01
   2.2141960e-01
   1.8586416e-01
   3.2025187e-01
   5.6571538e-01
   8.7033576e-01
   6.4977129e-01
   2.9913747e-01
   4.8760729e-01
   5.7960414e-01
   5.3994000e-01
   6.0749652e-01
   4.9629914e-01
   4.3878043e-01
   3.3880760e-01
   5.4297178e-01
   5.8093238e-01
   6.7669991e-01
   8.6526216e-01
   7.1958775e-01
   7.7733205e-01
   5.5605643e-01
   3.4856906e-01
   4.8599941e-01
   3.3200800e-01
   4.7039264e-01
   6.5773547e-01
   7.0246076e-01
   8.9502056e-01
   6.4924207e-01
   8.6566252e-02
   5.0140022e-01
   6.9635660e-01
   5.3672622e-01
   3.1353468e-01
   3.9671738e-01
   9.8151645e-02
   3.3511077e-01
   5.3851755e-01
   5.3397908e-01
   7.2042768e-01
   7.4267562e-01
   7.7880150e-01
   5.5415273e-01
   2.4367910e-01
   3.0019908e-01
   4.9857520e-01
   5.4808357e-01
   4.8977909e-01
   5.0678416e-01
   2.7050048e-01
   5.4271596e-01
   6.6194319e-01
   6.1903187e-01
   4.4808827e-01
   7.0749770e-01
   7.1946350e-01
   6.9060371e-01
   4.2045262e-01
   4.7273808e-01
   5.1761839e-01
   4.3412030e-01
   3.8318953e-01
   6.0819364e-01
   1.5650661e-01
   4.6490255e-01
   4.0191978e-01
   4.2623120e-01
   2.9393319e-01
   4.4741951e-01
   5.7769075e-01
   7.7483979e-01
   8.0478918e-01
   6.2631063e-01
   6.4005542e-01
   4.9582559e-01
   3.9713854e-01
   3.9017558e-01
   2.1717731e-01
   4.9781773e-01
   5.2680853e-01
   4.4305571e-01
   7.9959445e-01
   5.0599770e-01
   4.7627734e-01
   4.5091659e-01
   5.1142648e-01
   4.9955771e-01
   3.4802638e-01
   1.6359502e-01
   6.1804421e-01
   6.5953363e-01
   4.2166572e-01
   5.3564872e-01
   4.7752076e-01
   2.6164563e-01
   4.0700349e-01
   4.0126172e-01
   5.5510991e-01
   5.2692271e-01
   3.5555355e-01
   6.2610627e-01
   4.5236093e-01
   5.3495781e-01
   5.2978392e-01
   4.1268657e-01
   3.8745017e-01
   1.4527664e-01
   2.0467740e-01
   5.3378828e-01
   7.2667327e-01
   5.8171404e-01
   5.2628058e-01
   6.4913767e-01
   5.6596960e-01
   5.9703653e-01
   1.8926654e-01
   6.1980410e-01
   8.6612320e-01
   8.1172180e-01
   8.4003215e-01
   6.7022154e-01
   3.4811279e-01
   4.8145045e-01
   6.3182023e-01
   6.5763311e-01
   4.9608314e-01
   4.5063815e-01
   5.8797546e-01
   3.1958406e-01
   2.6149310e-01
   5.2077173e-01
   5.4412068e-01
   4.8199893e-01
   4.2155197e-01
   3.9996995e-01
   2.6764727e-01
   3.6578963e-01
   4.5792527e-01
   7.0863625e-01
   3.3696429e-01
