   3.4464794e+01
   3.7809050e+01
   5.6006671e+01
   6.9961653e+01
   8.4327506e+01
   7.2201530e+01
   3.8036423e+01
   5.4226124e+01
   7.1764794e+01
   8.9921532e+00
   6.2795648e+01
   2.9159491e+01
   7.1097431e+01
   2.7575128e+01
   3.2142787e+01
   2.4437127e+01
   6.5140621e+01
   4.5864133e+01
   1.0134051e+00
   2.2358102e+01
   4.0900104e+01
   3.3371755e+01
   8.3357387e+01
   9.3508134e+01
   5.2844470e+01
   5.8771332e+01
   6.5753971e+01
   5.3123141e+01
   3.7608237e+01
   7.9020936e+01
   4.7868237e+01
   2.4405812e+01
   6.2423635e+01
   6.3420167e+00
   4.8455733e+01
   7.1668632e+01
   2.0394303e+01
   6.8904014e+01
   4.6516380e+01
   2.1252821e+01
   6.8726327e+01
   1.7471406e+01
   6.3919659e+01
   5.8214455e+01
   6.3292234e+01
   3.7466571e+01
   1.9331915e+01
   7.5934593e+01
   6.5150088e+01
   5.4678310e+01
   1.6650358e+01
   3.9153716e+01
   5.6662277e+01
  -4.5338072e+00
   7.5386797e+01
   2.7012323e+01
   5.8203211e+01
   7.2932036e+01
   2.9000243e+01
   1.0256395e+02
   4.5790218e+01
   2.9773458e+01
   1.7956873e+01
   3.8248954e+01
   7.6184912e+01
   1.7446983e+01
   1.9524424e+00
   9.0691171e+01
   1.3676674e+01
   7.6568285e+01
   6.4670378e+01
   6.0355706e+01
   5.4363235e+01
   5.2870915e+01
   5.5798665e+01
   6.7989460e+01
   2.1950566e+01
   8.6711525e+01
   3.4355613e+01
   1.8419118e+01
   1.1578956e+01
   5.7356387e+00
   3.1642102e+01
   7.9749729e+01
   3.3035049e+01
   9.2343984e+01
   5.7833204e+01
  -6.5271240e+00
   1.5026036e+01
   1.3403682e+01
   6.0248126e+01
   2.2714087e+01
   4.6940622e+01
   3.1732077e+01
   5.1592163e+01
   3.1164500e+01
   4.1801495e+01
   7.7998447e+01
   2.8161932e+01
   4.9565027e+01
   7.5071180e+01
   5.3140714e+01
   8.4065247e+00
   5.1749925e+01
   4.1967629e+01
   2.3791240e+01
   2.5514995e+01
   4.7192334e+01
   3.1499317e+01
   4.1782263e+01
   8.8966351e+01
   4.9154619e+01
   8.6939608e+01
   8.1146479e+01
   1.0861730e+01
   4.8161382e+01
   5.4939944e+01
   7.7593914e+01
   7.3306636e+01
   5.0355538e+01
   6.9356733e+01
   7.8996111e+01
   6.6045015e+01
   1.6329637e+01
   5.1826724e+01
   7.8943146e+01
  -1.7444305e+00
   5.7446951e+01
   4.6464072e+01
   7.1837703e+00
   1.9008703e+01
  -2.2175840e+01
   3.5364425e+01
   6.4565334e+01
   3.3052613e+01
   8.1950195e+01
   4.0330060e+01
   2.9729064e+01
   4.8229549e+01
   2.4718834e+01
   6.0417937e+01
   1.0747470e+02
   5.7005337e+01
   6.3808598e+01
   2.6736811e+01
   2.8686213e+01
   1.7186459e+01
   6.1399248e+01
  -4.0499440e+00
   6.6300389e+01
   1.3892689e+01
   3.9538044e+01
   7.7504956e+01
   5.1160451e+01
   6.5314144e+01
   9.0953062e+00
   7.5989028e+01
   6.1050993e+01
   6.6665168e+01
   1.0380858e+02
   3.7498022e+01
   4.6058722e+01
   1.5299391e+01
   4.1151392e+01
   1.4649818e+01
   4.2473017e+01
   1.5241230e+01
   4.6964115e+01
   3.8232898e+01
   5.3313047e+01
   7.1882538e+01
   1.5440876e+01
   4.6725637e+01
   7.3299968e+01
   6.9962385e+01
   8.9208269e+00
   3.5894932e+01
   6.5698240e+01
   3.3357213e+01
   7.7175462e+01
   2.4267639e+01
   4.4803813e+01
   6.7047507e+01
   7.8822872e+01
   4.8723391e+01
   4.6476401e+01
   6.7590183e+01
   3.1549457e+01
   3.6880127e+01
   3.9392285e+01
   7.5466031e+01
   4.5213430e+01
   6.6622709e+01
   2.6314454e+01
   4.5967447e+01
   5.4423235e+01
   7.0103276e+01
   8.5704010e+01
   3.9829360e+00
   4.1962235e+01
   2.5193526e+01
  -1.2729924e+00
   9.3188159e+01
   3.2239775e+01
   4.7400207e+01
   3.5446401e+01
   4.9830345e+01
   6.6380150e+01
   4.3155631e+01
   1.9190857e+01
   2.1533777e+01
  -1.9322705e+01
   6.6005984e+01
   1.1085274e+01
   4.3159172e+01
   6.2427909e+01
   4.7556609e+01
   5.6721836e+01
   4.4877691e+01
   2.6718024e+01
   5.1040770e+01
   9.7294979e+01
   9.2644659e+01
   4.5690842e+01
   6.4113644e+01
   6.2344781e+01
   4.8679643e+01
   3.7821751e+01
   3.8834887e+01
   5.2953961e+01
   5.1724208e+01
   8.2877528e+01
   6.2346367e+01
   4.4712537e+01
   4.1258699e+01
   2.0066351e+01
  -1.1642829e+01
   6.2870951e+01
   3.1710219e+01
   2.0806277e+01
   4.6754957e+01
   7.2003800e+01
   6.9539407e+01
   4.7812733e+01
   5.8473486e+01
   7.2955486e-01
   7.4345309e+01
   6.2489525e+01
   2.9093768e+01
   6.4200886e+01
   4.8837185e+01
   2.4466830e+01
   2.5252809e+01
   6.6325270e+01
   9.2358174e+01
   2.3217318e+01
   4.7346316e+01
   9.1363159e+01
   4.6669495e+01
   3.0433643e+01
   5.4162856e+01
   4.1451148e+01
   6.1972292e+01
   5.8661811e+00
   4.6329091e+01
   4.6390201e+01
   3.3404304e+01
   4.5375619e+01
   5.3581315e+01
   3.6790674e+01
  -2.1824948e+01
   1.1713092e+01
   8.3916473e+00
