11
1
58
8
29
4
14
41
12
4
51
12
48
79
25
25
6
37
12
36
40
21
13
5
27
38
3
5
13
30
10
40
14
20
33
10
14
40
44
19
13
7
27
21
2
8
26
38
14
30
35
25
34
17
40
32
8
6
5
5
27
6
14
11
15
20
42
5
31
26
3
16
51
14
14
20
30
1
7
22
14
1
16
17
38
8
32
14
22
15
30
5
31
7
11
27
7
46
4
16
33
24
38
12
6
3
16
12
22
32
25
17
20
23
42
17
16
32
21
7
37
5
38
1
10
16
28
9
4
30
6
35
14
25
45
6
22
7
4
11
7
28
30
13
19
8
28
4
26
37
10
13
14
2
1
43
13
20
3
2
10
11
15
24
7
10
21
27
8
23
38
8
26
19
19
11
35
3
18
6
12
8
26
22
20
33
19
13
4
14
5
14
3
15
10
35
28
11
13
18
52
17
19
17
11
40
3
7
36
3
32
19
9
2
22
6
14
16
31
3
3
12
37
3
28
2
5
34
23
17
15
1
7
14
33
18
1
6
38
37
16
20
34
19
3
8
33
16
46
48
30
15
22
14
12
3
10
17
1
3
22
13
22
21
17
7
20
26
5
33
11
5
27
30
12
14
17
45
6
25
3
5
32
16
38
21
18
43
14
6
8
26
41
11
42
20
7
30
4
14
20
16
1
8
12
1
2
7
47
8
31
