   4.8333584e+01
   8.3743078e+00
   4.7361207e+01
   6.8537714e+01
   6.2625612e+01
   6.5778308e+01
   4.5994455e+01
   5.6051344e+01
   1.0674682e+02
   3.2149152e+01
   4.7641962e+01
   6.9257985e+01
   7.5748949e+01
   3.1116694e+01
   3.9068858e+01
   3.8052177e+01
   4.8458648e+01
   2.6230734e+01
   1.4030958e+01
   1.7793417e+01
   6.4879545e+01
   4.8440800e+01
   7.9793640e+01
   5.5597853e+01
   2.8238526e+01
   7.8019715e+01
   5.6626670e+01
   5.6371926e+01
   3.7547864e+01
   6.0834718e+01
   5.6582658e+01
   2.1649633e+00
   7.1524408e+01
   3.7414102e+01
   3.5999363e+01
   9.8750436e+01
   2.0060537e+01
   8.4945486e+01
   4.9044386e+01
   3.5745982e+01
   7.0993278e+01
   1.0103213e+01
   5.6199265e+01
   2.9786528e+01
   5.7965443e+01
   4.5299373e+01
   3.2887515e+01
   4.1490400e+01
   8.3145953e+01
   5.7444364e+01
   6.0640821e+01
   6.2415396e+01
   7.5800510e+01
   5.6988422e+01
   8.2942970e+01
   1.7156502e+01
   5.7021665e+01
   8.4046939e+01
   6.4201296e+01
   5.8231072e+01
   8.8400925e+01
   1.1352652e+01
   3.8311647e+01
   2.3286608e+01
   4.5120077e+01
   5.9096271e+01
   1.8536473e+00
  -3.5570223e+00
   5.5430488e+01
   6.3218130e+01
   6.8183231e+01
   6.0947760e+01
   3.8388159e+01
   6.9980573e+01
   4.2277900e+01
   6.6459038e+01
   2.2103682e+01
   7.1459729e+01
   3.9303994e+01
   4.2511177e+01
   4.3655319e+01
   1.5726067e+01
   7.6597308e+01
   2.7493260e+01
   4.4298300e+01
   7.6229923e+01
   2.3759776e+01
   3.9215976e+01
   3.0045904e+01
   4.9138294e+01
   4.7426610e+01
   3.3064798e+01
   1.2426022e+01
   5.0867293e+01
   3.0469112e+01
   4.3444902e+01
   5.2493624e+01
   6.7333683e+01
   7.7359926e+01
   3.6345747e+01
   2.7749987e+01
   2.6706024e+01
   5.6938856e+01
   2.2350705e+01
   2.6607806e+01
   6.4937886e+01
   5.9336664e+01
   2.4583229e+01
   6.9683630e+01
   5.4494631e+01
   8.2698732e+01
   8.7376444e+01
   3.8257199e+01
   2.0538345e+00
   4.3102653e+01
   5.0198828e+01
   9.5212335e+01
   7.4171453e+01
   4.2585039e+01
   2.8032005e+01
   9.3975748e+01
   5.9718845e+01
   2.5822270e+01
   5.6348517e+01
   6.4124003e+01
   2.7888790e+01
   9.5951516e+01
   6.8655113e+01
   2.2007852e+01
   4.8637304e+01
  -1.5297539e+01
   8.3018830e+01
   4.9711079e+01
   6.4018035e+01
   8.1074543e+01
   5.4014413e+01
   4.2405039e+01
   3.4390270e+01
   4.7950567e+01
   4.0554791e+01
   8.0275713e+01
   5.1644876e+01
   5.5385037e+01
   1.3848896e+01
   3.4853416e+01
   3.3315030e+01
   5.1040706e+01
   5.9511895e+01
   3.8191280e+01
   2.5494512e+01
   3.6626294e+01
   1.0530903e+02
   6.0168709e+01
   5.9949424e+01
   4.4625306e+01
   8.3097427e+01
   4.0869536e+01
   7.6466358e+01
   6.4951469e+01
   6.1426021e+01
   3.1927605e+01
   3.7942802e+01
   3.5361851e+01
   1.4991021e+01
   5.8563315e+01
   4.8981590e+00
   4.9413379e+01
   5.9884191e+01
   5.4337617e+01
   9.2776746e+01
   8.7022676e+00
   8.1793996e+01
   5.6176389e+01
   4.4493726e+01
   3.7779448e+01
   3.1495617e+01
   6.3765942e+01
   9.2436807e+01
   2.4657563e+01
   3.1245858e+01
   7.9665623e+01
   5.1308200e+01
   6.9926015e+01
   7.1447309e+01
   8.0856035e+01
   4.0479760e+00
   6.0915366e+01
   6.7786715e+01
   4.3686494e+01
   3.2126961e+01
   4.9120132e+01
   5.3516688e+01
   1.9814224e+01
   8.3268239e+01
   5.2035487e+01
   8.1128010e+01
   1.0511526e+01
  -7.7767837e+00
   2.5571048e+01
   5.8316335e+01
   4.7330440e+01
   8.9061254e+01
   3.5381973e+01
   3.3923061e+01
   3.2282598e+01
   8.0157034e+01
   2.8590179e+01
   7.4843416e+00
   3.9719210e+01
  -1.4472615e+01
   3.3982497e+00
   2.8819611e+01
  -2.5530432e+00
   6.0980262e+01
   6.9463452e+01
   7.9207900e+01
   5.9163764e+01
   5.5647476e+01
   3.5744990e+01
   6.5503742e+01
   9.0148972e+01
   6.3438821e+01
   1.4236025e+01
   4.1629783e+01
   4.3029077e+01
   5.4627567e+01
   1.2882958e+01
   7.1597982e+01
   6.5946484e+01
   1.7554702e+01
   4.8351884e+01
   8.1468153e+01
   5.4118530e+01
   5.3477442e+01
   7.4765175e+01
   4.8551485e+01
   4.0814194e-01
   5.1442942e+01
   5.9866099e+01
   1.9234366e+01
   7.7979669e+01
   4.0568639e+01
   5.2716113e+01
   2.0404452e+01
   2.8983409e+01
   5.3770394e+01
   3.7574755e+01
   1.0618455e+02
   1.5364575e+01
   4.3305698e+01
   5.5657306e+01
   3.3266354e+01
   3.4763127e+01
   4.3581185e+01
   3.9930058e+01
   8.8809353e+01
   6.5057797e+01
   1.9539274e+01
   7.7578113e+01
   5.4585155e+01
   3.9028637e+01
   6.8771365e+01
   5.9022394e+01
   2.1769245e+01
   2.7501318e+01
   2.6757079e+01
   3.0126883e+01
   1.1958220e+01
   4.6455229e+01
   6.1146301e+01
  -1.7788753e+01
  -7.1091830e+00
  -5.6515179e+00
