2
23
5
22
8
7
8
8
32
28
7
2
5
10
9
2
7
9
26
8
8
2
38
20
16
13
14
15
14
25
15
22
46
2
10
3
27
3
14
10
3
7
16
16
17
19
14
27
3
19
9
2
9
19
11
65
49
17
22
17
28
16
22
8
4
12
17
16
26
17
5
30
4
4
16
3
7
8
11
34
7
2
14
6
22
21
4
21
47
8
12
9
15
30
28
17
10
8
2
1
7
35
7
1
11
16
11
16
8
6
35
23
15
12
8
27
20
3
8
7
2
31
6
30
27
5
13
9
1
13
14
34
5
30
8
16
8
10
57
32
12
25
12
17
23
33
21
33
11
20
4
4
6
12
23
21
1
43
33
13
9
28
13
21
19
31
7
26
10
6
2
32
7
18
9
6
12
2
8
26
41
21
19
5
14
33
36
6
22
55
5
12
4
3
12
25
12
14
5
28
5
31
9
25
23
3
53
38
27
12
23
21
14
9
19
5
10
14
11
1
1
3
26
10
1
2
4
3
16
1
10
10
32
5
13
10
33
14
12
29
33
5
3
10
43
21
8
32
7
21
33
23
4
4
8
18
13
12
19
21
12
23
62
20
8
3
36
8
23
35
9
