   5.4275696e+01
   2.5809353e+01
   4.3035341e+01
   6.0890614e+01
   7.7573139e+01
   6.1083829e+01
   3.9371545e+01
   6.0582161e+01
   1.0313660e+02
   2.6533256e+01
   4.5604577e+01
   8.4696974e+01
   6.7169311e+01
   1.5652504e+01
   3.4107409e+01
   3.0408313e+01
   5.9666433e+01
   3.5072948e+01
   1.6203607e+01
   1.7854000e+01
   4.2624342e+01
   6.3412469e+01
   7.4448705e+01
   6.0064325e+01
   2.8997333e+01
   8.9349991e+01
   5.7263538e+01
   7.4771753e+01
   3.3956101e+01
   7.2044917e+01
   3.1140640e+01
   1.2889273e+01
   7.1825122e+01
   6.4513923e+01
   5.9265575e+01
   8.2634370e+01
   1.8406932e+00
   5.9409813e+01
   4.0563718e+01
   4.8947581e+01
   6.6263579e+01
   2.5017813e+00
   7.0501236e+01
   2.1486767e+01
   3.6078988e+01
   3.6488652e+01
   4.2831799e+01
   3.5637359e+01
   4.8717260e+01
   5.8390189e+01
   5.9558377e+01
   4.1108351e+01
   7.3194655e+01
   7.0514966e+01
   8.3961934e+01
   1.3182934e+01
   5.3693990e+01
   6.1750724e+01
   6.7579796e+01
   4.7603448e+01
   1.0368267e+02
  -1.7504905e+01
   2.2317565e+01
   2.0096155e+01
   5.2035164e+01
   6.1540951e+01
  -7.3947803e+00
   1.0135829e+01
   7.0903654e+01
   7.8329057e+01
   8.2838045e+01
   7.5063971e+01
   5.2528519e+01
   6.1901764e+01
   4.9688380e+01
   7.7664139e+01
   3.3444098e+01
   8.0446291e+01
   5.2742495e+01
   2.5052805e+01
   4.9891728e+01
   5.7342442e+00
   6.5153322e+01
   1.0911809e+01
   7.1141447e+01
   7.3025077e+01
   1.6213325e+01
   4.1993609e+01
   2.4817106e+01
   5.4812669e+01
   3.7037757e+01
   1.0654761e+01
   2.5191001e+01
   4.1720756e+01
   4.0967211e+01
   4.5141954e+01
   4.9474828e+01
   5.2797468e+01
   7.4725998e+01
   3.7242607e+01
   5.5729297e+01
   4.3382418e+01
   4.8952819e+01
   4.6492261e+01
   3.4326033e+01
   4.4026880e+01
   5.9144102e+01
   2.8058015e+01
   8.4954040e+01
   8.1871374e+01
   8.3345939e+01
   5.1037419e+01
  -7.7447037e+00
   4.6020328e+01
   4.6988880e+01
   8.8982601e+01
   3.8083130e+01
   6.9776924e+01
   2.3155537e+01
   9.8741719e+01
   7.4800971e+01
   3.2969809e+01
   6.1489349e+01
   6.2939736e+01
   1.4694590e+01
   7.3077139e+01
   8.3713495e+01
   2.8425648e+01
   5.5370538e+01
  -1.2027971e+01
   8.7643653e+01
   6.5941699e+01
   4.9059383e+01
   8.3980517e+01
   6.5915267e+01
   2.4701519e+01
   4.5185778e+01
   5.4030620e+01
   5.0217971e+01
   8.0506384e+01
   6.3857804e+01
   8.9329834e+01
   2.1901350e+01
   2.0561287e+01
   3.7304433e+01
   3.1067454e+01
   4.6860712e+01
   1.6905080e+01
   1.7594962e+01
   7.7037808e+01
   4.3278426e+01
   5.9346980e+01
   5.0459402e+01
   6.7642649e+01
   5.5127922e+01
   7.3980941e+01
   7.6255565e+01
   4.8659667e+01
   7.9962192e+01
   1.9066212e+01
   4.8940469e+01
   3.1973599e+01
   1.1654378e+01
   5.3269560e+01
   1.5396874e+01
   3.4805906e+01
   4.6278187e+01
   6.1810918e+01
   8.7786488e+01
   3.2703335e+01
   3.9235582e+01
   5.9210389e+01
   5.0935922e+01
   2.7223599e+01
   4.8205701e+01
   9.2700635e+01
   2.3287668e+01
   5.9198556e+01
   4.8388484e+01
   4.3382704e+01
   4.8900080e+01
   5.0606798e+01
   7.7015421e+01
   2.1065760e+01
   5.8178210e+01
   7.8096911e+01
   6.0294316e+01
   1.4861253e+01
   5.3900808e+01
   4.6216117e+01
   4.0730657e+01
   6.2666950e+01
   3.0345506e+01
   8.4037023e+01
   6.9040440e+00
  -1.5380548e+00
   4.4284061e+01
   4.3386024e+01
   2.7488984e+01
   8.8964059e+01
   1.0179033e+01
   3.7414030e+01
   3.9472065e+01
   5.9481919e+01
   3.4202556e+01
  -1.3131324e+00
  -9.7861591e+00
   3.4439744e+01
   3.7381956e+01
  -4.0090421e+00
   6.0927908e+01
   2.2921011e+01
   6.3743960e+01
   3.9240204e+01
   6.2186858e+01
   5.1697368e+01
   4.4358498e+01
   1.0600253e+02
   4.6725044e+01
   2.6504621e+01
   5.9942945e+01
   6.1593856e+01
   6.0218330e+01
   3.1152112e+01
   6.1708153e+01
   4.9548793e+01
   2.0644312e+01
   5.3665441e+01
   8.0277192e+01
   5.5760266e+01
   3.4653547e+01
   8.2992501e+01
   3.4707143e+01
   2.3500139e+01
   6.0091344e+01
   6.3650701e+01
   1.7470503e+01
   7.3323120e+01
   4.6091132e+01
   7.5401575e+01
   5.1094721e+01
   2.1656360e+01
   4.7674081e+01
   3.3735592e+01
   1.0399460e+02
   1.9501483e+01
   4.0355893e+01
   5.9185108e+01
   2.8854653e+01
   7.1772126e+00
   7.0103310e+01
   9.0003080e+00
   2.2523709e+01
   8.8100538e+01
   5.1626520e+01
   1.0592564e+01
   9.4179957e+01
   5.2477342e+01
   3.9976230e+01
   6.8922569e+01
   7.2570839e+01
   1.6065639e+01
   3.6296325e+01
   5.0473527e+01
   4.4973759e+01
   2.4212791e+01
   5.3338107e+01
   5.8403779e+01
   9.2151295e+00
  -2.0434408e+01
