   5.5341009e+01
   9.6891350e+00
   3.5630407e+01
   6.7379380e+01
   8.4796715e+01
   6.6031969e+01
   2.8145587e+01
   6.8692819e+01
   1.2310980e+02
   1.3931539e+01
   4.0539415e+01
   1.0372495e+02
   7.5221550e+01
   4.4334027e+00
   2.8421550e+01
   2.1369478e+01
   6.4504912e+01
   3.5112303e+01
   4.0815510e+00
   5.7936901e+00
   3.8339572e+01
   7.0732636e+01
   8.6036932e+01
   5.9795387e+01
   1.5232138e+01
   1.1328923e+02
   6.3066967e+01
   8.3417303e+01
   2.8542573e+01
   8.2964150e+01
   2.2335830e+01
  -5.2373172e+00
   7.3592797e+01
   7.0855593e+01
   6.0599304e+01
   9.2744991e+01
  -2.1331613e+01
   6.0929828e+01
   3.2525437e+01
   4.5831200e+01
   6.5792726e+01
  -1.3581526e+01
   8.0797644e+01
   6.9604836e+00
   3.8122362e+01
   2.9726603e+01
   3.9132620e+01
   2.5314688e+01
   4.5017091e+01
   6.0174721e+01
   6.2743420e+01
   3.3784634e+01
   8.4495917e+01
   8.1056656e+01
   9.8970081e+01
   3.4209117e+00
   5.2360733e+01
   6.4080647e+01
   7.6186967e+01
   4.2388993e+01
   1.3199888e+02
  -3.7745544e+01
   1.2060638e+01
   3.7581847e+00
   4.8740971e+01
   6.0981464e+01
  -2.9480186e+01
  -1.4408653e+00
   7.2201627e+01
   9.2951653e+01
   9.1218827e+01
   8.0320597e+01
   5.4579668e+01
   6.9950125e+01
   5.0969144e+01
   8.6866550e+01
   2.2156840e+01
   9.1504390e+01
   5.4464043e+01
   2.1775680e+01
   4.9047838e+01
  -1.1910322e+01
   6.4835928e+01
  -8.9371339e+00
   7.4989132e+01
   8.7972903e+01
  -1.8653672e+00
   3.7304673e+01
   4.9644336e+00
   5.1863805e+01
   3.3629216e+01
  -2.6957677e+00
   1.7635251e+01
   3.5820599e+01
   3.2528285e+01
   3.6473604e+01
   4.6634447e+01
   6.0116816e+01
   8.7084042e+01
   3.1198404e+01
   5.7499511e+01
   4.4069695e+01
   4.4989773e+01
   4.1458425e+01
   2.0032654e+01
   4.0162347e+01
   6.0316969e+01
   1.6572019e+01
   1.0251849e+02
   9.5807479e+01
   1.0053885e+02
   4.8142578e+01
  -2.6664461e+01
   5.0153499e+01
   4.7728164e+01
   1.0824330e+02
   3.5622522e+01
   7.5068420e+01
   1.3232422e+01
   1.2316517e+02
   7.5260801e+01
   2.5808594e+01
   6.3312295e+01
   5.9227528e+01
  -2.9437964e+00
   8.2353006e+01
   1.0099811e+02
   2.0107883e+01
   5.2933794e+01
  -2.9641060e+01
   1.0684230e+02
   7.1584657e+01
   4.8317616e+01
   8.8261791e+01
   6.9406241e+01
   1.3260483e+01
   4.6899768e+01
   5.6783724e+01
   5.3655805e+01
   9.0289594e+01
   6.4874023e+01
   1.0749140e+02
   9.7811594e+00
   4.6863011e+00
   3.1552462e+01
   2.0883012e+01
   4.9091635e+01
   3.8063682e+00
   4.6994082e+00
   8.9873531e+01
   4.0325411e+01
   6.5591558e+01
   5.0862015e+01
   7.5320146e+01
   5.0762191e+01
   8.8952210e+01
   8.7240163e+01
   5.1588043e+01
   9.8985413e+01
   5.5361896e-01
   4.7453133e+01
   2.1211320e+01
  -5.7547697e+00
   5.0543807e+01
  -9.5173807e+00
   3.2406832e+01
   4.3369086e+01
   6.5090574e+01
   1.0698218e+02
   2.1241416e+01
   2.7406699e+01
   6.2691433e+01
   5.5827837e+01
   1.1886316e+01
   4.9488402e+01
   1.1531953e+02
   5.3881338e+00
   6.4566621e+01
   4.9435352e+01
   3.4328614e+01
   4.4019619e+01
   4.7872546e+01
   8.8422912e+01
   4.7225156e+00
   6.5230742e+01
   8.9970963e+01
   6.4274625e+01
  -6.2819491e+00
   5.4729529e+01
   4.7216150e+01
   3.2575748e+01
   6.2368947e+01
   2.4665458e+01
   9.4669628e+01
  -1.2054815e+01
  -2.2756323e+01
   3.9676276e+01
   4.0875752e+01
   1.6727085e+01
   1.0264211e+02
  -2.7764538e+00
   2.7988262e+01
   3.5116022e+01
   6.1060425e+01
   2.3916760e+01
  -1.5424618e+01
  -3.2153543e+01
   2.8317630e+01
   2.8704429e+01
  -2.7420905e+01
   6.7027548e+01
   1.5395323e+01
   6.5092473e+01
   3.7727351e+01
   6.8610968e+01
   5.6062965e+01
   3.8840723e+01
   1.3202143e+02
   4.0536537e+01
   7.8706342e+00
   6.6462615e+01
   6.3634864e+01
   6.4911627e+01
   2.7115271e+01
   6.5018572e+01
   4.5455252e+01
   7.6888161e+00
   5.0263563e+01
   9.4559770e+01
   5.7198781e+01
   2.5226135e+01
   9.8442671e+01
   2.3683089e+01
   1.2072741e+01
   6.2587696e+01
   6.8734921e+01
   1.0257551e+00
   7.6633817e+01
   3.6505564e+01
   8.4532186e+01
   4.2476176e+01
   5.7123221e+00
   5.0897686e+01
   2.5811536e+01
   1.2819661e+02
   5.5330229e+00
   3.5159775e+01
   6.1243154e+01
   1.3471432e+01
  -6.5721717e+00
   7.2111025e+01
  -6.1579560e+00
   1.2227419e+01
   1.0410089e+02
   4.6419087e+01
  -1.3899611e+01
   1.1284231e+02
   5.3909504e+01
   3.9857742e+01
   7.4409003e+01
   7.6249611e+01
  -3.5462613e+00
   2.4285911e+01
   4.4222736e+01
   4.7960206e+01
   1.6010736e+01
   5.1628219e+01
   6.1535746e+01
  -1.2754095e+01
  -4.1960952e+01
