18
52
2
7
19
22
87
19
10
11
19
4
11
13
9
29
43
59
21
12
6
15
17
3
8
22
21
30
11
23
7
7
7
39
47
10
46
47
2
24
21
8
35
6
2
29
16
20
12
82
61
57
2
37
27
19
31
6
38
41
5
8
22
48
35
43
20
76
18
12
87
4
12
1
25
24
42
3
16
2
38
3
14
25
24
8
8
19
27
25
37
15
27
21
6
22
10
2
35
32
2
11
17
7
9
13
24
12
6
17
1
3
11
70
7
21
20
12
9
16
1
80
69
1
55
57
16
10
19
12
32
9
54
51
30
17
25
48
26
29
12
12
15
4
34
2
43
7
8
9
24
3
48
17
19
7
27
32
16
38
21
37
12
58
23
2
16
26
4
3
17
19
19
9
14
3
7
36
56
42
7
24
12
4
1
11
2
1
18
28
9
56
4
17
2
27
25
6
6
1
5
17
27
12
16
22
10
47
14
5
30
5
8
16
30
3
29
34
29
2
28
26
36
16
56
25
46
7
3
24
5
1
2
17
2
6
7
8
12
3
22
7
72
24
21
