9
6
9
15
41
10
14
17
50
60
20
3
19
9
9
19
4
38
14
31
11
1
33
17
21
15
18
11
18
9
34
27
27
3
9
29
25
6
20
8
24
19
1
11
33
6
34
28
28
4
4
21
43
26
6
36
14
12
40
1
12
9
20
3
8
28
19
34
23
6
7
6
18
3
3
33
33
4
7
13
53
33
6
16
13
40
23
18
24
6
3
29
6
8
6
18
1
15
6
5
13
9
12
4
1
17
3
5
21
17
16
36
6
2
3
5
7
21
18
23
10
19
41
22
1
3
66
32
2
34
7
40
11
11
1
10
30
4
2
54
12
23
9
13
13
20
27
13
14
20
28
1
1
9
10
15
8
6
10
11
10
15
19
3
15
15
10
12
22
5
8
16
2
6
5
38
21
62
21
8
19
19
19
28
16
8
3
7
37
8
22
15
7
17
17
81
3
27
9
16
29
4
21
8
3
10
10
27
5
11
13
42
22
