36
3
17
30
60
46
12
6
29
14
1
17
10
29
15
13
3
12
6
19
29
21
31
5
34
4
10
7
25
4
10
21
6
6
12
27
16
15
36
10
11
3
11
58
2
65
33
19
41
58
23
19
25
40
26
2
31
29
1
40
34
34
20
27
37
38
6
27
25
58
54
28
35
9
54
3
16
5
33
18
25
9
20
8
7
15
35
1
19
2
30
12
24
54
1
29
11
35
25
12
23
41
22
35
19
16
16
6
25
1
3
9
36
6
65
69
30
17
2
14
28
4
13
8
28
3
30
11
17
44
11
33
16
21
17
16
7
2
12
23
1
27
10
1
4
5
40
26
37
6
23
41
24
6
41
62
24
29
31
65
4
34
43
10
11
8
24
27
13
58
49
9
4
3
5
5
5
38
11
40
20
8
54
49
10
26
3
54
1
6
6
3
8
37
8
6
4
9
41
43
18
1
44
30
48
17
6
22
7
20
27
8
12
12
16
3
32
32
25
4
49
14
24
19
21
12
32
54
38
3
7
7
8
19
3
1
14
16
30
10
8
44
19
3
22
11
11
7
51
5
10
29
