6
21
1
19
20
15
7
38
14
24
9
5
6
26
32
22
17
4
12
30
41
7
16
17
12
10
31
19
19
7
38
12
37
34
21
25
29
3
49
41
5
16
4
13
50
33
21
19
8
21
58
19
29
26
13
8
12
46
51
14
25
4
3
4
11
41
28
26
4
1
36
19
38
34
37
7
5
43
17
36
19
2
16
10
7
20
29
6
20
22
22
6
34
10
12
2
15
23
16
1
19
7
19
6
24
30
31
8
12
29
19
4
38
9
5
15
11
4
23
17
21
27
40
4
15
29
13
23
22
14
5
50
7
34
4
8
19
5
14
19
7
14
38
2
19
23
29
18
28
3
10
27
12
5
10
20
36
17
20
31
16
28
27
11
28
20
12
41
19
40
55
17
2
40
7
5
25
40
32
5
7
53
50
43
6
80
56
49
3
6
8
20
17
12
13
11
37
7
35
4
7
35
35
41
32
3
17
36
2
7
39
13
14
20
9
8
15
43
2
1
4
6
1
40
21
24
14
34
8
1
32
34
30
1
3
5
18
24
57
5
28
5
2
11
1
12
8
21
10
17
28
20
24
35
2
6
16
30
24
21
36
4
1
49
14
9
22
2
24
15
9
20
7
16
17
25
40
24
37
10
49
40
15
36
22
40
13
6
5
20
42
16
31
15
13
14
10
25
18
13
19
18
4
42
3
1
43
10
26
3
8
39
26
22
2
40
20
37
16
9
25
21
2
37
17
8
