  -2.0388295e+01
   1.6173828e+01
  -1.4106245e+01
   1.1067843e+01
   1.3060953e+01
  -3.6433899e+01
   2.0119344e+01
  -1.3177189e+00
   2.9255231e+01
  -1.7616413e+00
  -4.8165429e+01
   2.8348968e+01
   1.6411262e+00
   1.5850961e+01
   2.1615015e+01
  -9.3381920e+00
  -5.6841034e+01
   3.0775019e+01
   1.5922003e+01
   2.5157993e+01
   1.5969462e+01
   5.3440115e+01
   7.7245367e+00
   1.3308640e+01
   4.0371071e+01
   3.7568482e+00
  -6.3582425e+00
   2.5289711e+01
  -4.6733242e+01
  -1.7821755e+00
   1.8117089e+01
   1.3154183e+01
   9.3972146e+00
  -2.5528085e+01
  -1.4385218e+01
  -8.9072239e+00
   1.4193106e+01
   8.2951088e+00
  -1.8988075e+01
  -2.2646067e+00
  -6.6666889e+00
   1.5455509e+01
   2.4371737e+01
   2.7659061e+01
  -1.7572082e+01
  -3.3420865e+01
   3.4045707e+01
   1.0183351e+01
  -2.6843845e+01
  -1.7293617e+01
   2.0445052e+01
   7.9435503e+00
   3.0260701e+01
  -3.5286309e+01
   2.0174139e+01
   2.6918991e+01
  -3.1215485e+01
  -8.3557903e+00
  -5.5068702e+01
  -4.3564444e+01
  -2.2351215e+01
   1.1117238e+01
  -3.4302443e+01
  -1.1651463e+00
   6.8056263e+00
   3.1385136e+00
  -3.0403461e+01
  -1.3003570e+01
  -3.1872008e+01
   1.6569095e+01
   3.9169599e+00
  -1.4808070e+01
  -2.5242102e+01
  -3.6873219e+00
   1.1189166e+01
   2.2174181e+01
  -1.7672586e+01
   1.8033012e+01
  -1.8910432e+01
   2.2625988e+01
   1.6666344e+01
  -7.8286125e+00
   9.1591672e+00
  -1.2879509e+01
   3.5945994e+01
   8.5108076e+00
  -3.3806084e+01
  -9.9114208e+00
  -2.1583644e+01
  -7.8953406e+00
   3.0990209e+01
  -4.1031679e+00
   6.2037039e+01
   1.9247395e+01
  -2.7813561e+01
  -1.2144129e+01
   2.6829054e+00
   2.0677457e+01
   8.9089665e-02
   1.4745338e+01
  -3.0498854e+01
  -3.1491398e+01
   2.1567704e+01
  -2.7625455e+00
   7.8522734e+00
  -1.5992581e+01
   3.5814682e+01
   6.8823364e+00
   5.0055321e+00
  -2.5550393e+01
  -1.2640635e+01
  -3.4627425e+01
  -2.8381944e+01
   2.4091459e+01
  -3.8505240e+00
   1.4545968e+01
  -2.2179411e+01
   5.6881570e+01
  -2.8208294e+01
   2.2026421e+01
   9.5170918e+00
   3.1154883e+01
  -2.2754935e+01
  -2.6341324e+01
   2.7687977e+01
   7.7893598e+00
  -4.0927289e+01
   3.6740780e+00
  -4.4475546e-01
  -2.2802650e+01
   8.9507910e-01
  -5.0020304e+01
  -2.3736008e+01
  -3.0575394e+01
   9.9217322e+00
   2.5101877e+01
  -2.3025209e+01
   1.7378527e+01
   4.2455871e+00
  -2.0412229e+01
   3.7649260e+01
  -1.7973950e+01
  -1.1548330e+01
   3.3052655e+01
  -2.7497786e+01
   3.4592841e+01
  -3.3508017e+00
   1.9459040e+01
   1.5292670e+00
  -7.5681506e+00
   4.1005001e+01
  -4.0317320e+01
  -3.8825101e+01
  -1.8753741e+01
   1.4135953e+01
  -2.0463013e+01
   2.6613422e+01
  -3.0336442e+01
  -2.4550647e+00
  -8.6413697e+00
  -2.8698451e+01
  -5.2213228e+00
   3.7712278e+01
  -3.0379487e+00
   1.7813087e+01
   9.7293329e+00
  -3.4656588e+00
   2.9357947e+01
  -5.8935295e+00
   2.5289441e+01
   7.3542471e+00
  -2.6671521e+01
   1.3522100e+00
  -2.5318549e+01
   2.8508200e+01
   2.0922731e+01
   1.9581570e+01
  -2.3774218e+01
   4.3059322e+00
   1.9516515e+01
  -1.3211462e+01
   1.5087662e+01
   5.2392997e+01
   2.4983129e+01
  -7.4129922e+00
  -2.3682648e+01
   8.4403026e+00
  -1.9278309e+01
   5.6131758e+01
   4.0796477e+00
  -3.3204434e+01
   1.1447679e+01
   2.1217028e+01
  -2.7092476e+00
  -1.7816044e+00
  -9.9703563e+00
  -6.6618855e+00
  -1.3265830e+01
  -9.3927197e-01
  -5.2909418e+01
   1.2624553e+01
  -6.9187584e+00
   2.2822399e+01
  -1.5063882e+01
  -2.5094761e+00
