3
9
44
6
27
5
12
3
15
17
10
8
37
6
5
12
11
18
11
22
18
14
4
26
5
3
7
1
26
7
35
16
11
16
24
11
33
3
9
36
5
16
31
35
19
34
9
24
17
28
2
28
45
8
39
41
6
13
7
3
11
2
4
15
30
22
31
4
3
11
44
11
29
6
7
29
5
17
37
17
3
21
3
17
26
15
6
10
14
10
12
10
20
29
36
9
9
16
4
5
3
1
33
15
25
18
11
20
36
16
5
24
23
11
9
1
9
8
13
3
14
11
24
16
20
33
8
19
30
6
30
5
17
13
7
16
27
6
3
11
10
6
18
23
22
22
3
3
13
1
30
1
8
6
9
1
34
1
29
13
5
13
13
2
9
4
10
20
2
30
2
6
8
3
8
14
17
15
5
23
5
39
15
11
19
2
9
66
50
29
3
24
25
5
4
17
12
11
10
13
18
2
10
13
16
24
38
20
6
26
4
25
7
11
8
3
19
19
52
20
7
5
37
15
3
3
2
23
4
45
56
18
8
13
7
31
9
12
48
3
6
3
17
6
13
7
22
37
10
16
16
19
7
23
15
32
23
25
15
18
10
5
10
17
5
45
23
1
9
4
1
22
6
2
1
12
19
17
9
16
22
16
32
11
38
13
6
17
2
10
6
