26
6
11
10
24
11
2
3
22
52
31
1
9
45
10
3
27
26
11
26
5
1
9
31
24
18
22
53
17
4
16
4
15
9
10
22
8
18
19
12
4
3
14
49
10
18
57
10
21
7
5
19
27
16
31
38
2
9
6
3
4
20
24
49
2
5
3
2
7
25
14
36
18
17
10
21
3
17
11
15
18
1
6
8
8
20
36
13
13
28
11
8
7
4
20
21
8
10
9
23
10
9
40
6
5
11
14
16
11
35
13
8
19
3
2
10
7
7
22
27
13
34
26
39
21
34
1
14
6
12
23
17
2
11
4
29
13
17
1
4
7
16
19
20
9
20
16
21
11
10
2
8
3
14
5
5
10
45
3
24
13
38
8
6
6
27
13
14
20
25
3
7
3
14
16
23
25
5
2
4
48
10
15
16
9
12
31
12
9
42
2
16
26
22
28
22
8
12
22
16
20
7
13
18
2
3
2
18
13
34
6
21
52
17
38
7
8
3
16
22
24
17
9
12
17
12
3
11
15
11
12
37
16
26
21
8
5
46
1
2
15
23
3
25
43
13
12
3
23
19
5
5
4
12
26
25
19
1
33
7
17
4
17
45
14
4
6
5
11
22
14
5
33
