2
4
10
48
8
33
5
7
11
43
26
24
19
37
23
3
14
4
5
12
10
4
10
15
9
8
28
26
14
32
4
11
11
15
19
35
14
2
48
6
5
37
19
20
23
17
5
13
41
41
40
8
9
18
11
3
23
4
11
8
20
10
37
28
44
25
5
12
36
16
39
2
5
49
1
17
16
17
59
17
23
5
10
9
18
6
1
9
37
29
31
14
44
3
8
15
30
6
4
12
32
27
6
5
26
8
5
11
38
13
9
10
16
11
26
39
16
14
6
25
33
4
20
11
16
21
3
6
39
17
2
39
6
30
5
2
4
28
23
18
1
20
23
48
52
22
55
29
8
22
3
32
13
10
1
16
35
26
1
3
7
26
10
39
47
32
17
26
12
40
18
12
40
30
23
9
11
37
11
12
18
28
20
23
17
12
6
30
2
25
12
7
26
11
27
40
10
15
24
25
20
19
24
24
44
9
35
4
22
12
16
39
25
58
7
14
6
6
4
15
20
23
28
7
4
5
5
5
26
5
10
11
9
36
23
1
41
18
22
4
7
24
9
25
6
5
11
32
26
1
21
13
4
15
10
13
7
12
11
8
32
43
25
18
