13
45
14
24
25
6
7
37
1
27
8
8
15
38
13
1
5
16
12
19
35
13
28
2
7
1
9
17
36
53
17
27
27
17
30
18
5
10
42
36
20
9
17
31
6
19
28
27
63
33
20
31
66
11
25
14
18
5
12
18
3
32
46
27
27
40
7
6
22
10
10
12
15
20
17
19
33
33
14
14
7
2
24
3
1
33
5
2
38
13
5
56
16
5
42
6
2
28
19
24
10
49
56
44
14
9
35
54
41
23
49
42
11
3
6
7
23
10
19
18
2
10
7
1
42
35
12
34
37
16
5
8
18
4
5
3
8
55
12
14
39
58
3
16
3
25
7
20
13
17
18
14
37
49
30
4
7
11
9
40
2
47
7
39
32
6
5
11
23
13
29
8
8
13
20
12
39
2
16
20
9
3
19
38
11
20
2
35
9
20
36
17
3
21
30
11
32
23
8
9
41
13
6
36
6
28
5
7
56
42
13
14
11
12
16
6
7
28
14
5
26
34
16
20
34
61
19
11
11
17
34
46
17
20
29
8
2
7
27
11
6
18
41
53
5
46
1
21
29
7
24
37
17
26
8
1
14
7
36
18
31
9
14
60
14
19
12
27
1
31
1
9
10
13
22
34
6
13
13
5
53
15
25
10
3
24
23
43
19
35
6
35
28
8
47
7
17
2
36
11
