15
29
35
2
16
32
5
16
17
1
2
36
12
11
13
5
24
28
17
8
30
4
12
28
2
12
23
20
3
49
3
11
11
64
4
2
10
32
13
15
35
24
6
20
63
2
51
25
20
20
6
7
21
20
24
2
17
18
8
2
26
8
10
15
14
27
10
17
25
8
27
35
4
18
6
6
7
3
31
3
10
38
7
15
33
7
27
37
47
2
21
21
2
31
12
10
8
8
24
1
5
44
3
16
18
7
34
22
21
9
7
12
12
20
1
21
7
21
1
56
31
21
19
9
25
15
22
38
18
18
2
9
16
10
22
14
28
32
10
30
5
8
36
49
12
5
5
12
23
13
40
18
15
32
27
71
22
13
38
15
12
11
44
14
10
29
4
10
21
24
20
5
2
8
40
17
38
5
13
18
17
2
2
30
34
13
49
7
5
1
7
7
7
6
1
3
36
11
5
15
42
23
6
7
7
18
27
4
1
3
2
38
22
33
26
5
15
31
7
23
24
16
6
20
18
5
10
9
9
23
9
62
13
5
15
41
7
29
22
31
8
10
28
23
14
10
4
41
17
6
22
9
13
18
10
1
13
17
1
11
16
10
