   4.0843172e-01
   2.5417184e-01
   4.2342470e-01
   7.4243439e-01
   2.9374956e-01
   9.0938273e-01
   1.5319769e-01
   7.2370618e-01
   5.0760585e-01
   7.6744029e-01
   2.5175999e-01
   7.7921589e-01
   6.3792036e-01
   8.6382833e-01
   7.7146829e-01
   6.4349116e-01
   1.6950941e-01
   3.7757968e-01
   5.8533408e-01
   8.6607979e-02
   3.0047847e-01
   8.7443544e-01
   9.9991684e-01
   5.5510685e-01
   7.3283617e-01
   3.9769696e-01
   8.3670776e-01
   1.1314813e-01
   6.0559178e-01
   5.7501894e-01
   3.8376920e-01
   6.6250141e-01
   4.6104326e-01
   7.2514749e-01
   4.1797480e-01
   6.3928133e-01
   3.4654172e-01
   5.6408805e-01
   3.4400928e-01
   4.7947483e-02
   8.6744399e-01
   4.6875132e-01
   5.7618322e-01
   7.3450994e-01
   4.4947662e-01
  -1.5302649e-03
   7.1079238e-01
   8.0165331e-01
   9.2926078e-01
   4.9913816e-01
   8.2384065e-01
   3.1030511e-01
   7.5069263e-01
   4.1648220e-01
   2.8619193e-01
   6.5192746e-01
   4.2035717e-01
   4.9232277e-01
   4.4483126e-01
   4.1316598e-01
   2.8717361e-01
   2.1229488e-01
   7.3857341e-01
   2.9940976e-01
   2.6765102e-01
   5.0186509e-01
   1.4997338e-01
   3.3584769e-01
   9.9967027e-02
   4.6309674e-01
   7.5421431e-01
   3.7971531e-01
   3.8039960e-01
   8.9876898e-01
   6.3469036e-01
   2.0677177e-01
   5.0602762e-02
   2.9490504e-01
   5.6273941e-01
   4.4671452e-01
   3.9099380e-01
   6.0512534e-01
   4.8029406e-01
   6.9665056e-01
   6.2796545e-01
   4.6086371e-01
   3.5741355e-01
   6.3896863e-01
   5.2745620e-01
   7.2532204e-01
   6.0897693e-01
   1.2938727e-01
   4.7347676e-01
   4.8354137e-01
   5.0165420e-01
   4.8946996e-01
   4.8654516e-01
   7.8606533e-01
   9.0256342e-01
   5.2182995e-01
   3.2617756e-01
   1.4521682e-01
   1.5586353e-01
   3.3745572e-01
   2.8166330e-01
   3.8717512e-01
   5.3395897e-01
   6.8771032e-01
   7.8846249e-01
   7.0500127e-01
   4.1925467e-01
   5.3918024e-01
   6.0127202e-01
   6.3621510e-01
   5.7183117e-01
   4.7973885e-01
   4.3360642e-01
   4.4643698e-01
   7.4970390e-01
   7.5333506e-01
   5.5042839e-01
   5.7259662e-01
   4.4998889e-01
   4.2850118e-01
   4.4492696e-01
   2.3809224e-01
   4.3313227e-01
   6.0793665e-01
   5.6210082e-01
   4.5535945e-01
   4.3163826e-01
   4.4716717e-01
   3.3855834e-01
   4.8234676e-01
   8.4103465e-01
   5.6273688e-01
   7.3255863e-02
   2.4340960e-01
   6.4472645e-01
   4.3706157e-01
   3.2008783e-01
   6.4609043e-01
   7.2387486e-01
   4.5303499e-01
   4.3722319e-01
   4.3288020e-01
   4.1571552e-01
   5.8006523e-01
   5.1610412e-01
   4.7826376e-01
   8.0075324e-01
   5.2662690e-01
   4.2707458e-01
   4.4862210e-01
   5.9786355e-01
   4.0739048e-01
   3.5703080e-01
   4.7002726e-01
   5.7005627e-01
   7.5849580e-01
   6.3263236e-01
   4.0291228e-01
   2.8774841e-01
   4.2375125e-01
   2.9077436e-01
   3.0068313e-01
   3.7530797e-01
   3.3454216e-01
   6.7390930e-01
   5.5889597e-01
   7.3919137e-01
   7.0166187e-01
   3.9062781e-01
   6.5335842e-01
   7.8531884e-01
   6.1486663e-01
   3.3243111e-01
   3.3817445e-01
   5.7734126e-01
   7.8849668e-01
   6.6612411e-01
   5.4388642e-01
   3.9932674e-01
   6.4535018e-01
   6.4152239e-01
   2.5709132e-01
   3.9448351e-01
   5.4637077e-01
   3.8883603e-01
   5.1818737e-01
   8.4727193e-01
   6.3198605e-01
   3.9000865e-01
   3.9824443e-01
   6.8119426e-01
   4.1454390e-01
   2.9062345e-01
   4.6125935e-01
   6.7124139e-01
   5.2073183e-01
   4.8410249e-01
   3.7604515e-01
   7.3263411e-02
   1.8378970e-01
   7.9565400e-01
   1.9215951e-01
   5.7266178e-01
   2.8879773e-01
   5.1918447e-01
   6.2094886e-01
   7.6758212e-01
   5.5264096e-01
   8.4326983e-01
   1.7453891e-01
   5.2496366e-01
   2.0962980e-01
   2.6211087e-01
   3.9724796e-01
   5.9903496e-01
   4.0837869e-01
   7.1230939e-01
