19
20
48
16
18
15
22
15
2
8
39
10
8
13
9
23
17
12
29
17
2
4
23
12
16
21
6
31
36
4
11
29
31
24
5
23
3
49
12
7
3
15
11
16
7
2
6
11
30
9
16
10
5
46
2
40
6
15
7
25
10
28
7
18
12
11
33
35
30
27
36
25
42
6
13
20
48
34
12
3
21
37
1
19
40
52
14
8
29
53
12
9
2
14
23
12
28
10
10
18
10
5
6
8
5
20
26
17
22
31
68
40
40
11
9
23
19
16
11
21
3
8
6
39
6
4
9
7
26
13
22
13
5
5
4
8
5
46
53
15
37
3
29
27
1
4
16
2
18
27
48
9
14
29
10
8
16
6
1
10
10
56
14
3
6
19
22
3
16
1
16
34
53
17
17
10
46
17
23
8
12
24
27
20
17
5
29
2
30
41
7
38
21
20
6
32
53
24
42
32
39
22
23
6
31
17
31
25
37
43
24
1
4
17
34
11
37
15
13
7
2
11
18
11
10
6
8
17
6
15
2
18
37
16
47
16
39
28
51
5
14
3
30
17
26
6
25
31
13
7
14
14
16
12
13
28
14
14
3
55
27
29
11
3
25
18
19
14
