   5.7023523e+01
   5.0076761e+01
   4.6908345e+01
   3.9563893e+01
   3.4138695e+01
   7.2522077e+01
   2.0651841e+01
   6.9983487e+01
   3.9697958e+01
   7.1913925e+01
   1.5947245e+01
   3.3750138e+01
   7.9839929e+01
   9.7934265e+01
   4.3373972e+01
   1.9844383e+01
   5.3153623e+00
   4.2031493e+01
   2.0735436e-02
   5.6663519e+01
   3.2110196e+01
   5.0369247e+01
   1.0160873e+02
   4.0172581e+01
   6.4330317e+01
   5.4072305e+01
   3.0829333e+01
   1.1297515e+01
   5.0250275e+01
   5.2913558e+01
   3.5724548e+01
   5.2401085e+01
   5.1955156e+01
   6.0155838e+01
   5.0068883e+01
   4.5845793e+01
   2.7772999e+01
   2.0088106e+01
   7.1908394e+01
  -1.1473006e+00
   6.7339469e+01
   6.9703310e+01
   8.2536968e+01
   7.7715654e+01
   2.0961263e+01
   2.6305843e+01
   5.4827583e+01
   7.3092380e+01
   6.5166686e+01
   8.5419521e+01
   7.2838245e+01
   2.5517285e+01
   8.0104744e+01
   5.4375303e+01
   8.5320058e+00
   7.1626016e+01
   5.1014646e+01
   4.7102106e+01
   8.0790092e+01
   2.6072201e+01
   6.0210768e+01
   2.6214914e+01
   5.1667213e+01
   2.8339442e+01
   6.2944129e+01
   2.4491464e+01
   5.6879495e+01
   3.1376085e+01
   5.3001683e+01
   7.1063773e+01
   5.7172751e+01
   2.8591055e+01
   2.8401993e+00
   3.6753629e+01
   4.1442010e+01
   8.7269781e+01
   1.6046518e+01
   3.2528157e+00
   4.8424842e+01
   5.2102619e+01
   2.9972873e+01
   5.7949070e+01
   2.8072282e+01
   5.9374910e+01
   1.5811739e+01
   1.8220719e+01
   5.9125926e+01
   6.9759982e+01
   2.4402289e+01
   4.3540374e+01
   4.7008153e+01
   3.6184787e+01
   2.0942706e+01
   7.2899201e+01
   4.9581309e+01
   5.1729980e+01
   2.4643550e+01
   4.3031620e+01
   2.4725381e+01
   6.5046693e+01
   5.0489971e+01
   2.9801249e+01
   7.0173365e+01
   8.5262043e+00
   1.4969432e+01
   1.9596730e+01
   8.9634966e+00
   6.5778574e+01
   8.9964642e+01
   6.2138021e+01
   3.1864821e+01
   4.5658929e+01
   3.7507732e+01
   8.9975328e+01
   3.9928365e+01
   6.6575860e+01
   4.5780023e+01
   1.7088775e+01
   6.5958193e+01
   8.3862217e+01
   2.9588163e+01
   4.7257182e+01
   1.7244683e+01
   2.1409568e+01
   3.5120756e+01
   6.8680511e+01
   6.2101913e+01
   4.0189030e+01
   1.3192357e+01
   8.1999298e+01
   2.3145445e+01
   5.4291832e+01
   2.9804174e+01
   8.6334054e+01
   6.9087493e+01
   4.6129747e+01
   4.4492066e+01
   3.0996241e+01
   6.1424279e+01
   4.6516536e+01
   2.2900296e+01
   3.4314157e+01
   2.7525142e+01
   5.2918712e+01
   1.2403569e+00
   5.2699655e+01
   3.6381304e+01
   8.1296556e+00
   4.0978796e+00
   5.4034895e+01
   6.3837206e+01
   5.7548006e+01
   5.9590703e+01
   5.2111005e+01
   1.5249687e+01
   2.2679623e+01
   3.2797866e+01
   3.0245641e+01
   7.8217102e+01
   7.6421003e+01
   5.0594929e+01
   8.4121379e+01
   3.7956047e+01
   4.1867257e+01
   2.0244647e+01
   2.5328221e+01
   3.0479713e+01
   4.6035862e+01
   6.9517560e+01
   3.5448715e+01
   7.0779951e+01
   3.2227656e+01
   4.7073570e+01
   8.4098235e+01
   7.7438597e+01
   7.3981058e+01
   2.1368651e+01
   7.5562842e+01
   4.0053682e+01
   6.2049667e+01
   9.0173594e+01
   2.5401231e+01
   8.9989798e+01
   2.3413160e+01
   4.3539346e+00
   7.0955559e+01
   3.0549428e+01
   2.7325810e+01
   8.2076096e+01
   5.9753822e+01
   5.4159182e+00
   4.7912352e+01
   7.2958731e+01
   7.1506438e+01
   3.4014539e+01
   7.0436838e+01
   5.8069275e+01
   9.3101581e+01
   6.0449162e+01
   5.2613680e+01
   3.2948297e+01
  -6.7594480e-01
   2.5933407e+01
   2.7603331e+00
   1.0125852e+02
   3.9919552e+01
   3.4743515e+01
   4.3686245e+01
   4.9736769e+01
   2.3770423e+01
   3.2479507e+01
   2.9170300e+01
   7.6149642e+01
   1.7538245e+01
   4.6222127e+01
   3.0024660e+01
   3.8077605e+01
   5.9437006e+01
   6.7762302e+01
   5.3723127e+01
   2.7903332e+01
