66
3
29
22
19
34
2
27
40
7
3
7
7
1
18
29
1
25
6
37
4
22
30
23
40
28
13
13
22
5
7
15
6
3
65
39
25
24
22
17
17
12
50
15
5
3
1
9
29
7
4
22
12
20
50
26
44
26
5
11
8
10
38
18
14
14
23
37
18
49
35
4
1
14
24
7
5
4
40
12
7
15
23
31
13
21
45
15
40
7
5
40
18
10
34
9
9
2
18
20
6
15
2
33
3
12
13
10
3
35
7
4
1
22
7
38
4
27
33
7
2
3
28
5
12
32
6
13
35
11
19
24
12
2
14
31
28
12
11
4
6
15
26
6
2
2
10
4
13
9
26
1
10
5
34
59
7
37
40
11
4
28
9
1
33
16
12
12
20
1
15
26
23
15
10
2
3
22
19
2
19
6
25
10
13
15
17
2
20
29
20
2
9
5
13
8
16
7
29
15
29
10
12
5
28
47
19
1
4
4
20
8
20
27
4
14
21
61
1
2
26
14
44
7
19
32
21
21
12
7
10
1
7
22
14
16
1
35
7
19
19
32
3
1
5
4
14
