28
21
2
27
11
11
17
23
14
19
9
8
24
7
10
22
4
9
11
33
26
4
34
8
22
3
5
16
21
17
2
28
2
7
2
1
16
5
9
11
4
18
1
7
4
5
6
8
29
27
3
25
15
11
31
7
9
15
9
33
16
3
1
12
19
48
33
15
9
17
41
26
21
10
23
19
10
25
52
10
23
1
9
29
9
27
6
22
2
13
17
2
33
5
9
6
8
4
11
3
6
1
23
12
21
22
9
71
38
3
36
19
20
27
6
4
30
46
1
5
15
4
14
8
21
10
16
4
10
18
12
2
22
2
43
12
23
27
34
5
32
24
18
6
2
9
1
28
6
26
35
5
4
3
3
15
7
12
36
27
18
4
4
16
7
13
1
13
1
16
5
12
11
25
9
2
7
25
9
17
26
26
20
21
2
16
15
22
6
15
1
1
18
59
21
9
10
1
17
9
15
14
18
15
23
23
12
1
8
3
14
3
29
24
15
1
2
1
23
35
6
17
26
14
5
3
15
8
8
26
9
9
18
33
8
18
22
13
10
10
45
8
9
4
11
14
21
8
5
4
21
2
6
20
11
2
24
40
7
20
9
24
