12
16
11
39
25
4
14
14
17
22
11
9
13
1
4
3
9
9
7
44
18
24
3
27
18
22
50
13
1
27
10
3
6
15
7
12
4
3
9
12
28
1
6
5
8
2
26
25
20
48
43
9
24
37
3
31
6
17
13
9
2
17
17
6
17
4
21
11
9
44
11
27
35
28
2
26
10
28
23
35
1
25
23
17
31
28
9
27
2
19
15
31
34
4
23
25
3
7
4
6
14
23
11
32
16
20
30
38
3
5
20
2
34
11
59
36
3
28
15
26
4
9
14
28
26
15
4
3
15
19
20
16
11
4
14
19
5
2
18
13
19
12
2
32
6
2
14
3
6
12
4
3
19
6
28
24
9
9
3
8
14
16
1
33
39
19
5
46
6
15
18
1
12
13
6
24
5
8
36
3
5
14
23
14
2
2
14
22
24
11
2
10
10
11
11
10
1
3
3
32
18
13
8
26
38
5
12
5
23
22
11
10
3
19
15
13
37
22
9
36
21
24
20
33
17
3
4
7
17
54
38
36
8
5
4
18
11
11
29
6
