   4.6224632e+01
   3.7966906e+01
   4.2884147e+01
   5.9056536e+01
   5.8122236e+01
   6.9763321e+01
   4.3822815e+01
   5.0663819e+01
   8.8588743e+01
   4.1170946e+01
   6.5167543e+01
   7.4253087e+01
   5.6381552e+01
   2.0595646e+01
   3.6239435e+01
   3.7127597e+01
   6.6595101e+01
   2.3261333e+01
   3.5406016e+01
   5.4249356e+01
   6.3400879e+01
   5.9541038e+01
   6.6555099e+01
   7.8746085e+01
   2.9084901e+01
   9.0840009e+01
   3.3641850e+01
   5.8237741e+01
   3.1589985e+01
   7.2358947e+01
   5.1334866e+01
   5.0826719e+00
   6.3191025e+01
   7.5323377e+01
   6.9151668e+01
   9.6816536e+01
   4.1968849e+01
   7.6561507e+01
   3.0268025e+01
   1.3865529e+01
   4.3759482e+01
  -4.1369609e+00
   6.5411058e+01
   5.9831425e+00
   3.8682555e+01
   4.0804067e+01
   2.1927206e+01
   1.9493102e+01
   5.8320832e+01
   5.5510059e+01
   5.9400008e+01
   5.0691874e+01
   6.9962506e+01
   6.9097638e+01
   7.3695197e+01
   2.5947702e+01
   5.0440083e+01
   6.3747890e+01
   5.8072069e+01
   2.8770497e+01
   7.0608008e+01
   6.2785890e+00
   2.5383879e+01
   2.1458455e+01
   5.1517261e+01
   5.9257171e+01
   4.0114864e+00
   2.7850490e+01
   4.8521804e+01
   3.1117251e+01
   7.6759434e+01
   6.4275151e+01
   7.2191558e+01
   4.7519883e+01
   8.1603546e+01
   5.1973980e+01
   7.2939070e+01
   2.9682283e+01
   6.1224986e+01
   2.2776340e+01
   1.5844937e+01
   3.5009141e+01
   2.2833344e+01
   6.2016695e+01
   4.6763579e+01
   7.4771600e+01
   5.7842392e+01
   1.4668102e+01
   1.5028453e+01
   4.4910264e+01
   6.5171322e+01
   4.2327195e+01
   4.5889802e+01
   5.3892491e+00
   6.6340884e+01
   3.7862234e+01
   9.1089632e+01
   7.3002804e+01
   4.4355336e+01
   6.1659554e+01
   6.7253365e+01
   2.4754866e+01
   5.1667926e+01
   6.8688345e+01
   2.7465573e+01
   3.1871595e+01
   6.8688329e+01
   6.0598871e+01
   3.4405739e+01
   6.1429946e+01
   5.5938310e+01
   6.0132186e+01
   8.4027512e+01
   4.4181526e+01
   3.8984035e+00
   3.7872632e+01
   4.4786554e+01
   7.7339735e+01
   8.9000312e+01
   4.0456313e+01
   2.4877469e+01
   8.2151503e+01
   6.0721251e+01
   1.2730318e+01
   3.6503910e+01
   8.3148608e+01
   2.0047093e+01
   7.8599043e+01
   6.2384151e+01
   4.9317894e+01
   1.3540303e+00
   8.3758382e+01
   6.6653585e+01
   6.3185746e+01
   6.5103745e+01
   1.2794959e+01
   3.7095751e+01
   3.7899878e+01
   5.8678596e+01
   2.0509670e+01
   8.3613519e+01
   5.9994300e+01
   6.1823578e+01
   4.8559604e+01
   5.5470261e+01
   6.4444563e+01
   4.2274880e+01
   5.2239703e+01
   3.8976004e+01
   9.2501533e+00
   4.2603186e+01
   9.6664079e+01
   4.4613026e+01
   6.6396648e+01
   3.5704132e+01
   6.9056376e+01
   5.5692991e+01
   8.4661933e+01
   6.7940045e+01
   5.4095314e+01
   3.8666259e+01
   4.4540022e+01
   5.3140306e+01
   2.4578425e+01
   4.2835838e+01
   1.6088502e+01
   5.0647957e+01
   3.9938122e+01
   4.0070985e+01
   7.0449116e+01
   1.2050244e+01
   9.4551824e+01
   3.5596600e+01
   7.1406513e+01
   3.3818478e+01
   3.4338097e+01
   4.4322151e+01
   7.6307076e+01
   1.6252998e+01
   4.4053152e+01
   5.6634960e+01
   6.0305295e+01
   6.7232271e+01
   7.7827060e+01
   9.0927890e+01
   7.0309535e+01
   3.9012299e+01
   2.4765457e+01
   2.2823080e+01
   6.5258095e+01
   3.0002132e+01
   2.7806912e+01
   5.7770122e+01
   5.9348825e+01
   9.0072976e+01
   2.5998763e+01
  -2.2565734e+00
   2.3858672e+01
   5.6761752e+01
   4.0301418e+01
   9.3219988e+01
   1.7254766e+01
   5.7225404e+01
   4.2929762e+01
   7.0926856e+01
   1.9271619e+01
   1.1379473e+01
   2.1953567e+01
  -1.1447701e+01
   3.1993422e+01
   2.4764036e+00
   8.0550025e+01
   5.2597784e+01
   7.3093845e+01
   5.6643529e+01
   4.7765207e+01
   3.9318793e+01
   5.8023057e+01
   1.0084048e+02
   4.8486743e+01
   1.6328691e+01
   3.0342582e+01
   4.5326590e+01
   6.7152118e+01
   9.0234304e+00
   7.6739133e+01
   4.2168421e+01
   1.8883661e+01
   4.6198502e+01
   7.0832640e+01
   4.1058499e+01
   7.0311328e+01
   8.1477502e+01
   4.0016568e+01
  -3.9189430e+00
   5.2018259e+01
   5.7803142e+01
   4.4063412e+01
   8.0633326e+01
   5.9237998e+01
   4.6218676e+01
   2.5560626e+01
   4.3770786e+01
   1.8754414e+01
   1.1052714e+02
   7.8429575e+00
   3.4225780e+01
   5.4966678e+01
   3.1797517e+01
   2.4119594e+01
   3.5545622e+01
   5.5447342e+01
   8.3835775e+01
   5.5203833e+01
   2.3675134e+01
   5.5023589e+01
   5.9521511e+01
   6.3213836e+01
   6.6522415e+01
   4.5854620e+01
   3.0060552e+01
   4.1198679e+01
   2.6551024e+01
   4.4336262e+01
   2.3081129e+01
   4.3109439e+01
   7.7922178e+01
  -1.0527126e+01
   1.7771092e+01
   4.5246940e+00
  -1.0558965e+01
