7
8
16
29
19
61
7
31
30
25
12
1
16
18
5
19
8
30
3
5
29
3
2
7
6
26
8
10
26
3
4
15
6
26
9
42
1
7
10
9
3
5
17
28
47
26
40
12
44
11
2
4
19
11
23
32
21
27
10
11
15
12
12
4
41
24
7
23
19
33
17
2
17
25
10
9
2
27
20
5
12
18
6
10
3
19
20
1
8
38
3
6
10
18
18
73
55
38
2
21
16
10
7
25
26
10
38
3
16
4
4
9
30
23
26
10
13
13
8
1
1
34
4
3
17
1
18
4
18
19
46
47
21
13
12
23
23
44
12
8
1
13
12
42
7
6
3
31
13
6
5
8
39
35
2
28
17
5
8
29
36
39
7
3
16
3
10
8
10
4
27
2
3
31
16
4
28
28
27
7
7
52
28
41
34
18
14
5
2
5
10
27
10
11
22
7
10
26
11
34
31
14
4
12
20
20
12
43
21
27
17
3
9
28
10
33
9
3
14
4
11
40
7
1
18
8
2
2
29
24
16
8
10
4
9
8
5
22
9
32
1
6
6
15
3
2
8
39
3
2
7
14
3
15
11
2
3
8
9
14
22
13
2
22
7
17
17
10
1
6
35
14
14
10
9
3
6
31
35
9
11
24
2
20
33
3
5
21
1
10
31
10
1
16
11
32
7
10
25
38
25
25
22
