12
10
9
22
6
32
3
16
6
16
7
17
29
7
26
4
21
7
1
54
16
7
33
11
2
10
9
36
51
1
32
34
38
13
1
7
4
1
27
26
5
24
1
1
29
4
25
23
5
32
10
16
62
4
25
51
8
9
9
7
60
4
14
3
11
33
14
15
3
1
11
24
15
19
2
3
7
10
5
2
14
3
44
34
16
7
1
23
21
10
2
3
23
12
25
2
9
6
2
18
13
11
5
27
6
26
4
29
23
1
29
10
21
5
44
21
16
49
8
12
14
12
11
18
23
13
40
6
9
20
1
14
30
10
10
29
25
34
45
16
15
34
3
14
7
39
6
24
28
13
15
4
6
11
26
1
5
35
34
17
18
6
36
21
12
21
14
13
17
4
8
3
19
17
4
53
41
10
6
32
4
3
2
13
33
31
42
22
3
27
6
4
31
3
5
10
1
7
10
9
2
37
59
28
13
16
2
4
13
5
7
1
4
37
13
29
19
6
6
10
21
2
16
40
6
12
17
4
26
10
9
13
11
3
21
16
4
14
7
11
28
27
5
43
13
5
3
10
12
7
7
36
11
18
3
35
6
7
28
16
13
28
41
5
19
2
5
22
4
19
11
46
59
26
2
2
39
22
14
8
30
23
3
22
3
5
37
1
17
3
18
20
17
26
6
26
37
23
12
19
36
