5
17
16
17
56
34
36
1
41
31
26
3
24
35
6
35
18
30
5
25
36
7
9
18
1
26
8
9
10
13
27
34
39
24
28
2
18
31
1
15
15
4
5
9
3
12
18
1
43
38
10
21
11
23
18
1
43
5
16
28
15
2
17
14
11
36
6
17
35
10
5
4
10
7
12
16
15
7
38
31
13
19
8
8
20
38
17
15
39
7
7
39
12
41
51
17
7
17
4
47
44
3
36
4
56
57
16
1
18
12
16
12
25
34
3
4
49
22
13
27
16
20
2
38
11
11
19
26
35
7
10
29
21
35
2
18
9
17
5
24
16
11
10
17
20
21
3
23
17
31
50
74
4
20
13
19
9
16
6
12
3
17
15
3
3
12
4
26
21
10
8
3
29
22
12
18
11
4
4
16
22
5
9
10
10
48
2
7
40
23
21
23
28
41
49
12
25
6
28
8
12
3
27
39
35
8
4
4
7
4
14
3
33
28
20
8
4
48
16
20
19
27
5
2
4
8
22
7
21
35
6
4
31
16
15
39
6
10
2
11
35
19
12
29
7
18
12
2
20
10
15
21
17
34
3
15
37
19
23
15
41
25
38
7
8
5
30
6
9
32
16
12
15
12
3
18
5
30
