12
28
38
4
24
10
9
3
18
19
29
33
44
28
14
15
9
39
36
27
6
6
3
7
16
31
41
15
16
24
1
29
22
6
22
10
16
25
28
35
18
19
7
15
4
13
27
24
18
6
8
7
8
2
28
33
5
9
15
8
17
25
5
42
44
13
23
14
19
29
1
8
6
12
19
10
31
20
18
11
23
9
26
7
22
6
6
17
2
41
28
18
14
4
18
16
9
8
16
22
16
2
17
5
6
23
13
8
18
14
23
16
1
24
5
16
38
9
3
13
74
5
7
23
33
14
24
19
26
8
28
9
7
13
5
11
2
5
10
22
6
10
23
5
12
6
2
7
5
3
14
19
15
2
15
1
52
8
5
26
16
10
5
19
11
11
18
10
16
3
34
9
19
17
2
9
4
6
5
9
6
36
12
1
22
4
5
11
16
8
16
13
9
4
37
35
12
10
4
39
29
21
37
4
2
4
9
14
4
11
2
15
25
7
13
19
24
8
32
17
28
19
12
46
5
35
1
7
14
8
5
12
17
9
8
4
24
11
4
27
39
11
3
18
18
13
21
27
32
2
7
10
3
14
6
17
3
15
28
14
17
22
28
16
3
35
37
23
12
26
11
22
14
15
1
18
22
26
37
15
18
12
11
9
4
8
7
52
16
15
16
8
21
7
5
23
17
13
34
78
22
6
32
1
16
7
18
8
2
27
1
61
28
12
21
10
12
9
8
13
3
3
13
63
4
