3
9
14
17
24
12
28
25
14
27
14
17
45
25
32
14
13
36
24
26
33
12
24
3
8
44
34
7
29
10
22
3
7
42
6
23
7
5
5
34
21
5
15
35
1
11
33
12
16
16
22
19
31
7
13
12
29
23
33
4
64
17
6
2
25
18
21
8
12
24
4
50
6
7
25
5
24
10
15
20
3
8
2
6
20
39
32
8
27
42
60
15
58
12
22
5
20
2
4
24
10
24
2
15
22
10
27
7
26
18
24
10
15
25
21
1
2
53
5
22
5
2
26
27
18
24
2
37
24
28
18
29
14
8
1
6
21
14
41
33
13
3
27
7
10
7
15
36
5
31
7
16
13
8
29
14
14
16
34
6
6
10
47
4
19
12
29
36
24
41
27
7
17
11
12
4
14
33
7
4
6
23
2
16
16
4
4
35
2
24
27
20
40
4
9
9
12
4
2
4
21
14
22
1
3
15
3
27
10
14
20
27
1
27
40
24
17
4
41
17
3
45
14
32
10
6
9
13
3
9
25
15
27
6
9
14
10
6
10
9
38
6
9
4
27
12
3
7
2
33
44
5
2
40
20
31
14
12
23
20
9
2
6
11
18
51
11
11
32
58
2
