   5.5897451e+01
   2.9023046e+01
   4.7607408e+01
   6.1524167e+01
   4.1065927e+01
   6.2331758e+01
   3.1370004e+01
   7.0080482e+01
   5.4087471e+01
   6.4952288e+01
   4.4542130e+01
   3.1183770e+01
   6.6708364e+01
   7.0016938e+01
   6.4377697e+01
   4.4947591e+01
   2.9496901e+01
   4.6244994e+01
   3.9943211e+01
   2.8303421e+01
   5.4163204e+01
   6.0050231e+01
   7.5304905e+01
   4.4811383e+01
   7.0123344e+01
   1.2960443e+01
   3.5308469e+01
   3.3672796e+01
   7.2076031e+01
   6.0443366e+01
   6.1711565e+01
   6.1587323e+01
   5.2307141e+01
   7.0873177e+01
   4.3398021e+01
   6.3708470e+01
   5.0232046e+01
   2.6443231e+01
   4.5635417e+01
   3.5099048e+01
   6.4865852e+01
   7.2268759e+01
   7.2839896e+01
   6.0218218e+01
   3.2942268e+01
   2.4237108e+01
   5.3040106e+01
   5.2593721e+01
   6.7322990e+01
   6.5825739e+01
   7.2090929e+01
   3.9755898e+01
   5.9322995e+01
   5.5555719e+01
   2.7220254e+01
   7.5380393e+01
   7.9325353e+01
   5.1941372e+01
   8.1083328e+01
   2.7560041e+01
   4.7327652e+01
   3.7464158e+01
   4.6453920e+01
   4.4129932e+01
   5.9482011e+01
   2.0794012e+01
   5.5547607e+01
   5.3510099e+01
   5.0380307e+01
   6.0241186e+01
   5.6753835e+01
   4.8553918e+01
   2.7994810e+01
   5.9823494e+01
   5.9296752e+01
   6.3706454e+01
   3.2638180e+01
   3.2459718e+01
   3.3134002e+01
   6.0158614e+01
   5.2828480e+01
   5.2541055e+01
   4.5344885e+01
   7.0140100e+01
   6.1889652e+01
   3.9912376e+01
   4.9110179e+01
   5.7898456e+01
   4.8680343e+01
   3.8058105e+01
   4.8587684e+01
   3.5448515e+01
   3.4420224e+01
   5.9621802e+01
   6.4178546e+01
   7.3789466e+01
   5.2573136e+01
   7.8129066e+01
   4.1111319e+01
   3.5900525e+01
   5.2068305e+01
   2.8281114e+01
   5.6421865e+01
   6.2972699e+01
   3.1987503e+01
   4.5792356e+01
   2.0688106e+01
   6.3311656e+01
   7.4203263e+01
   4.4677061e+01
   1.2451664e+01
   5.8921507e+01
   3.5853026e+01
   7.1171466e+01
   5.2397142e+01
   4.9740303e+01
   5.7102916e+01
   4.9424392e+01
   6.3932657e+01
   5.6264035e+01
   4.9441335e+01
   4.8934939e+01
   3.5575993e+01
   3.7068340e+01
   2.4036879e+01
   5.4727041e+01
   5.5402900e+01
   6.8250428e+01
   3.8001763e+01
   8.5811697e+01
   4.4950128e+01
   4.5733641e+01
   5.7040862e+01
   7.4221879e+01
   7.4844378e+01
   2.5463048e+01
   4.8661355e+01
   7.0810864e+01
   4.8719423e+01
   3.7394072e+01
   5.3854758e+01
   4.4986459e+01
   3.7921111e+01
   4.0761946e+01
   2.4097779e+01
   4.2338533e+01
   6.9382130e+01
   4.8504709e+01
   5.7827885e+01
   6.0285341e+01
   3.1337213e+01
   3.7588630e+01
   5.7017198e+01
   6.0802749e+01
   6.8711326e+01
   3.7325612e+01
   4.4625707e+01
   2.3679922e+01
   6.8210374e+01
   7.1070818e+01
   6.6107729e+01
   5.4587822e+01
   4.9383640e+01
   5.5131057e+01
   2.5785653e+01
   4.3649671e+01
   1.7337903e+01
   5.4206567e+01
   6.2763216e+01
   3.9010337e+01
   6.4977845e+01
   3.8935217e+01
   6.3073861e+01
   7.3890021e+01
   6.3401625e+01
   5.0799935e+01
   4.3318943e+01
   6.1394949e+01
   4.0607184e+01
   6.3298103e+01
   6.6355014e+01
   5.7457335e+01
   8.0173916e+01
   5.7128497e+01
   4.5195336e+01
   4.9508799e+01
   5.8222147e+01
   3.8569985e+01
   7.5086561e+01
   4.7010857e+01
   3.4812138e+01
   4.6558917e+01
   6.3168961e+01
   7.2415196e+01
   4.7185175e+01
   6.9509055e+01
   5.2096672e+01
   8.3941392e+01
   4.8309415e+01
   4.4819186e+01
   4.3966741e+01
   4.2515924e+01
   5.2462428e+01
   3.3444796e+01
   9.0997353e+01
   5.1624973e+01
   3.2840957e+01
   3.1731140e+01
   5.9180999e+01
   6.5012274e+01
   6.0708291e+01
   4.5709485e+01
   5.3652977e+01
   3.0285819e+01
   4.8531872e+01
   3.1967684e+01
   5.2240692e+01
   4.5252481e+01
   4.7258331e+01
   6.7760905e+01
   4.6464321e+01
