29
8
9
22
1
23
46
4
6
17
8
12
18
14
17
20
20
10
15
3
4
19
4
34
3
2
16
3
18
11
2
38
22
8
23
3
1
4
21
2
12
1
13
32
8
23
12
6
3
2
47
53
17
20
36
14
41
67
8
7
30
6
14
5
22
9
11
13
7
1
5
12
2
38
3
14
11
20
5
41
11
15
28
14
17
20
3
35
27
24
40
10
13
43
40
15
1
2
20
13
8
1
63
22
14
18
4
26
2
1
9
17
35
12
25
12
10
13
31
2
37
8
19
6
26
32
14
19
4
21
6
10
13
14
8
27
24
25
4
2
19
11
3
15
26
13
64
18
10
33
30
33
20
3
16
27
9
17
10
11
9
6
3
32
17
19
5
7
1
4
26
27
10
23
25
7
28
22
22
26
12
4
4
16
11
21
11
8
5
22
12
33
13
13
21
8
3
13
12
2
16
24
8
7
22
17
13
34
13
22
22
9
29
28
24
15
4
1
18
15
4
18
19
40
13
36
25
8
2
18
12
3
2
16
3
27
6
19
4
5
2
12
27
1
16
2
16
27
10
14
4
14
42
4
25
23
8
1
23
11
8
21
