6
21
3
6
31
34
48
17
18
20
11
49
7
28
22
33
72
11
32
8
10
3
6
8
7
4
9
5
15
2
46
18
16
12
8
17
4
4
13
26
18
27
31
10
6
26
41
12
16
16
17
37
64
33
7
27
4
16
41
10
23
37
25
3
22
7
25
12
30
16
14
11
46
18
13
5
1
18
4
4
23
26
1
3
24
54
16
31
13
7
3
28
27
16
46
3
20
7
4
2
2
15
4
13
13
15
3
19
6
19
27
2
17
4
6
2
7
7
28
35
4
2
7
11
54
23
23
11
49
4
21
12
1
18
35
3
5
27
15
21
37
2
23
11
23
5
11
7
1
2
27
13
17
32
5
16
3
15
9
27
2
6
20
13
19
21
7
2
9
2
9
23
8
33
8
12
4
3
14
20
17
3
13
9
10
3
15
24
21
4
13
4
14
22
4
5
10
14
23
2
2
9
13
8
7
9
1
4
11
23
4
23
18
6
3
15
29
3
77
11
11
13
30
31
19
17
49
28
21
23
21
