2
8
28
56
43
15
9
1
7
2
29
10
2
2
6
5
10
13
13
18
7
52
6
11
4
8
2
3
19
3
29
7
2
61
3
6
39
10
21
30
18
31
5
8
8
11
67
23
17
2
23
17
26
2
3
5
13
22
34
16
1
6
30
24
5
1
12
2
31
1
47
60
10
15
12
5
28
12
10
14
29
61
39
25
27
11
15
26
3
12
16
10
5
38
23
53
1
9
15
10
34
9
9
36
16
33
6
4
9
8
11
21
7
8
15
2
3
2
17
4
19
3
5
21
46
54
10
5
2
10
11
18
13
28
12
3
3
15
50
10
8
1
6
5
4
50
17
3
19
39
19
2
23
30
12
16
10
4
8
16
9
25
2
7
2
18
30
6
3
48
25
1
11
6
19
14
17
3
5
6
1
12
7
2
3
4
10
17
14
17
13
3
25
13
19
22
40
13
59
7
53
1
7
12
4
2
1
13
6
4
35
5
24
27
24
9
26
6
11
12
8
6
9
2
11
2
5
49
40
29
6
8
9
2
27
58
27
10
15
7
23
4
13
3
30
24
48
2
9
2
31
19
23
12
7
19
17
6
32
14
21
22
38
21
2
7
12
10
11
7
4
14
2
18
9
20
37
1
6
16
