   1.9534742e+01
   3.4925892e+01
   5.4152507e+01
   7.8186628e+01
   2.4064229e+01
   7.0289381e+01
  -3.5095445e+00
   5.9685909e+01
   2.3423273e+01
   5.8365959e+01
   3.5274767e+01
   1.7390262e+01
   7.9967355e+01
   8.4503406e+01
   8.5937597e+01
   4.2144640e+01
   1.8749069e+01
   1.5023823e+01
   3.4591154e+01
   1.7357546e+01
   6.8357823e+01
   4.5389993e+01
   1.0602857e+02
   3.5008644e+01
   8.3854148e+01
   1.4591060e+01
   7.9276802e+01
   5.8430266e+00
   4.9693949e+01
   2.7337009e+01
   2.5124680e+01
   7.3979381e+01
   4.6922923e+01
   4.5924724e+01
   2.2921087e+01
   4.6633781e+01
   4.1366546e+01
   4.8160353e+01
   3.4307391e+01
   2.2815520e+00
   8.6940045e+01
   5.1467432e+01
   6.1916988e+01
   7.8386469e+01
   2.9328244e+01
  -7.5621121e+00
   6.9420706e+01
   5.5131106e+01
   4.8502480e+01
   6.3563756e+01
   8.1428444e+01
   3.2235581e+01
   6.6290109e+01
   2.2134357e+01
   5.9742464e-01
   4.8331537e+01
   4.2479305e+01
   2.3506921e+01
   7.5725262e+01
  -4.6240219e-01
   3.9829159e+01
   1.4509606e+01
   6.8262656e+01
   6.6982394e+01
   1.4345865e+01
   3.9103374e+01
   2.4676815e+01
   2.5206754e+01
   7.1655179e+01
   3.8295208e+01
   2.4660399e+01
   7.0957835e+01
   1.8905773e+01
   4.9757419e+01
   7.0467073e+01
   8.3737010e+01
   7.6605083e+00
   1.7719590e+01
   2.5629150e+01
   6.7503120e+01
   3.4946837e+01
   8.2343064e+01
   2.0861654e+01
   4.5171304e+01
   4.2903961e+01
   5.9775909e+01
   1.4061536e+01
   5.6359355e+01
   5.1718205e+01
   4.2366250e+01
   7.4329618e+01
   2.4250903e+01
   2.7878775e+01
   8.9699120e+01
   2.2709153e+01
   7.1318992e+01
   4.2994909e+01
   2.3012479e+01
   1.1157616e+02
   4.5356134e+01
   8.4402833e+01
   7.1926039e+01
   1.6996690e+01
   1.4879750e+01
  -4.2390689e+00
  -3.5415472e+00
   6.6683829e+01
   4.3799861e-02
   9.5620729e+01
   7.4448169e+01
   4.7603176e+01
  -1.1553867e+01
   6.0304505e+01
   4.6391699e+01
   6.4222626e+01
   4.7187260e+01
   5.5753283e+01
   3.7562205e+01
   4.7311377e+01
   8.3629189e+01
   6.2542218e+01
   4.0176216e+01
   3.5505720e+01
   2.9002133e+01
   7.3651686e+01
   2.0819622e+01
   1.4918107e+00
   3.9531545e+01
   1.2783336e+01
   6.3888147e+01
   1.6187076e+01
   6.0631802e+01
   3.2493445e+01
   3.9366389e+01
   3.1790457e+01
   9.3577864e+01
   1.5797146e+01
  -3.3207109e+00
   4.4543990e+01
   3.7414399e+01
   1.0935469e+01
   3.0355204e+01
   4.9158484e+01
   5.1965504e+01
   2.6099011e+01
   4.1781295e+01
   6.6873386e+00
   8.1510654e+01
   2.1607706e+01
   2.9046763e+01
   7.7512078e+01
   3.8966827e+01
   6.4800504e+01
   4.9722169e+01
   1.8515675e+01
   5.4307330e+01
   5.1116279e+01
   2.9061586e+01
   5.7727528e+01
   4.8568385e+01
   7.8777548e+01
   7.5190575e+01
   1.0147561e+01
  -2.5422313e+00
   1.4080368e+01
   1.9563192e+01
   6.7096536e+01
   1.3439698e+01
   6.2387325e+01
   6.9533538e+01
   2.7540891e+01
   6.2991846e+01
   4.5056634e+01
   5.0435088e+01
   3.8630341e+01
   5.0183901e+01
   2.8007206e+01
   6.0823100e+01
   6.1552236e+01
   5.0219580e+01
   6.3218261e+01
   4.4499914e+01
   7.2917936e+01
   2.8138420e+01
   8.9320281e+01
   3.7834276e+01
   9.5964703e+00
   2.2088470e+01
   3.3093336e+01
   2.9409041e+01
   4.3896929e+01
   7.3452529e+01
   1.2057401e+01
   3.2514498e+01
   4.4672915e+01
   3.4900335e+01
   2.4674069e+01
   7.3651343e+01
   2.8035887e+01
   8.3553733e+01
   2.9481908e+01
   2.6173373e+01
   1.1087605e+01
   4.8669459e+01
   8.2271371e+00
   1.0933693e+02
   4.3433784e+01
   3.0237956e+01
   4.2252775e+00
   4.9410412e+01
   8.2357118e+01
   4.1885235e+01
   3.9911194e+01
   5.8138821e+01
   1.1797806e+01
   2.5728562e+01
   2.8740377e+01
   5.6619607e+01
   3.5213876e+01
   3.9815258e+01
   5.7545140e+01
   3.9638627e+01
