   7.7438443e+01
   8.6563161e+01
   5.8474172e+01
   5.5122643e+01
   5.2365191e+01
   3.7965633e+01
   3.7933570e+01
   4.1821555e+01
   3.1362736e+01
   3.7821826e+01
   2.2545022e+01
   8.7678133e+00
   1.6675398e+01
   6.7819217e+00
   7.6654223e+01
   8.0826970e+01
   6.2647729e+01
   5.4136213e+01
   5.4405972e+01
   5.6048473e+01
   4.8538526e+01
   4.6544074e+01
   4.6742844e+01
   3.7671437e+01
   2.7514753e+01
   1.6527010e+01
   9.6651871e+00
   1.8034185e+01
   6.1743977e+01
   5.3874790e+01
   6.1144452e+01
   6.5033552e+01
   3.5186178e+01
   3.6106438e+01
   3.5688557e+01
   2.8307635e+01
   2.3188062e+01
   1.5621405e+01
   9.3470792e+00
   6.8749643e+01
   6.8617962e+01
   5.6900416e+01
   4.9753296e+01
   4.9343425e+01
   4.0247299e+01
   4.4261426e+01
   3.1700081e+01
   4.6330247e+01
   2.3718336e+01
   3.6920879e+01
   2.8004144e+01
   1.3486459e+01
   1.3692043e+01
   7.7420399e+00
   8.7960402e+01
   7.6177318e+01
   7.3612613e+01
   5.4993461e+01
   4.7955045e+01
   4.4437147e+01
   4.1784035e+01
   3.4690675e+01
   2.6524213e+01
   2.6061750e+01
   2.9356647e+01
   1.8930459e+01
   3.6468633e+01
   7.5445476e+01
   7.1830098e+01
   7.2759376e+01
   6.5822234e+01
   5.3640958e+01
   5.2866140e+01
   4.8466442e+01
   4.4126488e+01
   3.9946013e+01
   3.3704253e+01
   3.1128567e+01
   3.6747215e+01
   2.4356094e+01
   2.1535700e+01
   6.9943811e+01
   7.2135535e+01
   6.0283028e+01
   5.2376121e+01
   5.2644290e+01
   4.6454291e+01
   4.6248232e+01
   3.3230426e+01
   2.6364925e+01
   3.1905518e+01
   2.4097810e+01
   9.5153157e+00
   8.2978948e+01
   7.0928198e+01
   6.2778898e+01
   5.3422754e+01
   4.9670873e+01
   5.0206431e+01
   4.8955193e+01
   5.9006086e+01
   3.8001381e+01
   3.4202073e+01
   3.9797432e+01
   3.3976822e+01
   2.9263903e+01
   7.6970445e+01
   6.8401897e+01
   8.1390578e+01
   6.2094161e+01
   4.9782829e+01
   6.1328786e+01
   4.6680467e+01
   4.1399071e+01
   3.2633409e+01
   4.5954759e+01
   3.6837771e+01
   2.0410386e+01
   1.4859420e+01
   9.1727366e+01
   6.8617217e+01
   6.9907701e+01
   6.7642454e+01
   6.1687180e+01
   5.8901705e+01
   4.7120014e+01
   4.6733432e+01
   2.9689283e+01
   3.1260822e+01
   2.4032506e+01
   2.7673852e+01
   2.2118721e+01
   2.1510517e+01
   8.4554052e+01
   7.2673092e+01
   5.1629499e+01
   6.6786229e+01
   6.0238936e+01
   4.5565932e+01
   2.8672190e+01
   4.2703010e+01
   3.1975478e+01
   3.3781661e+01
   4.8877223e+01
   3.6045281e+01
   7.5444715e+01
   7.2660162e+01
   8.4037327e+01
   6.1009133e+01
   7.0578625e+01
   5.1642441e+01
   5.3064663e+01
   4.5066357e+01
   4.5751237e+01
   3.2709507e+01
   2.4792640e+01
   1.7740777e+01
   2.8860263e+01
   8.3481464e+01
   7.9753280e+01
   6.7107603e+01
   5.8703383e+01
   6.1703571e+01
   5.6681871e+01
   5.7923348e+01
   6.4175902e+01
   4.6203488e+01
   5.5809794e+01
   5.7577603e+01
   3.4068143e+01
   2.6677341e+01
   3.2228977e+01
   9.6019289e+01
   7.9989516e+01
   7.1108839e+01
   6.6196872e+01
   6.4254877e+01
   5.7754730e+01
   5.8426377e+01
   5.2960320e+01
   5.0164330e+01
   3.9586972e+01
   3.2623804e+01
   2.7336731e+01
   1.8203079e+01
   8.4777127e+01
   7.2501916e+01
   6.5736219e+01
   5.8919020e+01
   5.0938346e+01
   5.5179744e+01
   5.8719532e+01
   5.0980612e+01
   3.2468239e+01
   3.2852018e+01
   3.5232767e+01
   2.1914681e+01
   7.7648655e+01
   7.9881566e+01
   7.9828788e+01
   7.3821360e+01
   6.6113551e+01
   4.8986225e+01
   4.9003433e+01
   5.5290010e+01
   4.5920269e+01
   4.5883238e+01
   4.3927405e+01
   3.3436618e+01
   3.3828506e+01
   3.1944693e+01
   2.9008789e+01
   3.1121700e+01
   4.9197591e+01
   1.0191392e+01
   1.7055728e+01
   1.2981313e+01
   1.2572131e+01
   3.3176310e+01
   2.4514944e+01
   7.3513771e-01
