20
20
13
33
7
3
14
6
58
15
8
37
33
25
4
41
26
13
26
45
1
50
4
3
23
26
7
19
13
8
36
20
9
33
5
6
22
8
57
24
32
47
46
1
37
9
1
28
33
47
7
20
23
26
59
42
6
50
5
21
39
12
36
20
30
2
13
36
18
30
31
14
49
73
32
16
2
67
18
39
6
23
2
42
5
10
16
30
16
30
28
4
20
54
3
3
4
29
28
2
16
31
30
26
39
25
11
16
5
8
12
36
19
7
13
14
6
55
29
6
12
9
6
49
27
1
49
4
7
33
2
7
18
3
12
29
1
14
26
3
23
4
29
2
23
1
17
7
28
9
27
3
5
17
14
5
10
4
3
12
23
17
14
7
21
12
3
15
15
16
8
2
14
11
8
10
22
3
39
16
7
39
16
6
7
5
7
8
13
10
17
17
2
4
15
10
4
12
16
9
5
4
14
