25
9
7
31
6
58
7
16
18
12
2
27
2
10
31
33
39
11
10
48
12
5
27
24
28
14
43
30
28
18
11
14
32
25
5
3
19
13
19
22
28
3
36
5
17
23
29
17
22
13
16
23
15
1
4
19
9
2
3
2
3
14
5
39
3
16
3
33
29
3
4
9
7
2
22
16
8
4
4
2
3
17
6
22
18
9
22
11
9
12
20
34
38
11
7
29
1
3
9
6
8
8
24
10
13
10
12
3
6
22
19
5
15
5
24
10
13
13
31
58
2
7
3
26
33
17
33
27
39
29
15
18
7
26
31
3
5
6
12
8
19
35
13
2
32
14
6
49
12
10
18
5
52
3
8
21
4
40
28
19
3
3
17
11
39
3
18
16
19
15
24
2
22
20
25
7
1
3
31
2
5
15
60
20
15
25
39
22
27
11
3
32
9
6
1
11
11
2
27
23
20
4
3
20
9
9
12
2
12
28
4
21
28
6
17
9
24
6
15
2
25
9
8
8
42
21
2
16
59
9
6
3
23
16
28
4
12
4
1
5
4
9
6
15
11
13
12
46
65
13
12
21
2
5
6
4
4
20
35
10
30
20
23
5
19
5
1
32
11
10
21
33
18
11
18
8
17
6
8
30
5
18
16
22
38
15
57
8
30
2
59
19
15
22
13
17
22
12
10
6
29
3
9
9
24
6
12
6
11
3
17
9
17
8
12
2
5
49
8
3
34
1
1
25
9
