12
24
11
13
21
34
19
4
2
6
17
30
4
36
49
22
17
25
6
47
21
2
31
25
15
5
54
20
21
20
15
47
25
4
41
27
6
8
6
7
7
3
49
31
2
12
37
14
18
15
19
15
12
4
22
9
3
13
33
9
19
18
14
4
11
21
11
34
35
43
42
9
14
13
18
9
75
18
11
33
12
34
50
24
39
30
11
33
3
12
4
6
11
50
7
3
14
7
22
8
11
14
49
29
12
6
13
23
45
15
31
33
74
9
13
19
39
23
36
14
8
30
34
7
19
37
1
15
13
38
14
14
2
25
13
19
46
3
24
18
6
11
12
42
6
16
4
6
7
15
5
8
32
46
33
20
21
15
21
17
1
47
17
8
40
19
2
5
1
23
39
32
4
6
13
27
10
11
23
8
22
10
33
9
59
7
28
47
23
22
4
16
52
13
45
29
13
13
58
24
29
15
11
27
15
46
14
3
4
23
64
10
67
13
5
11
31
3
24
32
6
4
3
20
29
19
26
15
6
22
29
7
18
6
3
54
16
6
18
27
3
52
2
25
13
24
28
6
32
13
25
11
38
25
16
32
1
27
18
27
8
51
14
2
19
6
18
11
31
9
26
39
14
6
19
1
22
6
11
15
29
5
26
19
17
3
22
26
31
22
11
32
2
30
27
29
6
5
43
14
47
9
7
7
9
39
36
3
26
22
1
46
22
26
23
21
11
4
20
2
36
8
44
10
6
13
4
17
20
3
37
17
17
15
29
11
32
14
16
