1
6
43
36
30
17
12
8
33
12
26
33
11
52
39
11
6
5
8
10
36
12
44
1
23
29
54
15
21
20
17
22
24
7
6
4
33
15
38
15
15
18
26
15
6
31
72
10
17
9
32
3
31
27
20
16
8
26
40
46
8
59
12
5
34
47
28
35
33
6
1
4
33
43
32
26
33
34
36
24
9
8
38
35
12
13
5
38
20
9
13
35
27
34
39
1
42
13
12
25
17
2
11
29
42
25
54
4
22
7
46
30
11
1
6
7
31
23
34
9
3
43
20
10
7
7
19
7
42
29
4
9
21
13
17
30
1
45
33
49
15
33
20
20
9
29
23
8
22
16
46
30
2
4
60
14
13
7
28
10
35
17
