16
7
6
19
33
19
14
15
2
5
6
18
18
47
6
11
33
10
32
9
6
16
27
29
21
7
38
46
7
14
1
5
53
21
8
7
18
35
11
4
20
13
17
6
51
2
26
7
7
14
4
34
6
9
8
4
30
20
20
34
49
25
23
56
36
4
39
34
9
31
7
17
55
72
21
23
11
17
33
5
34
3
22
21
1
65
1
11
18
37
10
10
20
63
49
15
26
14
9
52
49
10
26
11
47
32
23
45
13
42
24
32
38
37
36
48
10
12
48
8
6
29
14
18
1
19
5
31
45
41
5
8
34
59
31
13
17
26
3
44
43
8
12
4
15
64
8
8
35
27
29
14
48
11
6
28
22
1
32
2
20
26
7
49
5
8
22
24
28
9
19
43
4
13
10
12
16
10
2
2
27
77
6
15
7
22
8
11
22
29
20
1
2
9
36
38
12
4
25
15
37
40
16
2
25
39
53
20
9
18
16
55
6
38
8
20
22
33
53
24
30
5
24
37
9
12
3
16
2
49
12
6
32
19
2
30
70
36
52
12
37
27
13
41
9
6
5
58
32
4
47
45
22
2
12
9
11
42
9
18
33
13
3
7
42
9
4
11
7
2
48
20
20
28
5
34
12
8
36
30
11
26
52
19
41
4
9
16
5
19
13
14
12
