14
8
17
34
26
35
9
8
8
22
21
14
17
34
8
2
33
43
14
4
19
18
6
15
7
33
10
11
11
73
5
43
20
15
14
26
15
13
24
25
10
22
29
9
11
12
19
13
32
22
8
29
1
43
39
44
30
30
44
16
12
20
20
53
11
21
33
19
8
11
15
68
10
56
6
6
2
54
93
29
12
23
4
15
34
18
31
13
41
21
2
13
15
20
51
26
24
10
22
10
40
18
8
17
7
30
7
6
16
16
55
3
4
10
8
23
5
32
31
18
15
31
23
22
22
6
27
36
60
21
32
20
45
28
46
28
26
35
6
28
6
10
30
2
2
12
9
38
2
30
2
38
28
77
3
13
8
37
13
29
25
17
17
1
46
40
6
5
37
11
7
9
32
38
19
2
5
2
4
9
29
7
55
14
18
20
37
45
17
38
30
11
11
1
16
19
2
16
16
7
3
18
32
29
8
32
