   8.2668940e+01
   8.1624809e+01
   7.4574193e+01
   7.2870822e+01
   6.8453235e+01
   6.9184856e+01
   6.2531625e+01
   6.6666577e+01
   6.3790599e+01
   6.5755532e+01
   6.7809132e+01
   5.9873121e+01
   5.7465055e+01
   5.8432049e+01
   5.5241732e+01
   5.5775299e+01
   6.1880039e+01
   4.8184627e+01
   5.3469446e+01
   5.6778416e+01
   5.4074657e+01
   5.5719178e+01
   4.8744202e+01
   4.2988538e+01
   4.2796083e+01
   3.7398614e+01
   3.4546478e+01
   5.0844607e+01
   3.5092364e+01
   4.1674497e+01
   4.5004299e+01
   5.5926326e+01
   3.4648657e+01
   3.9554699e+01
   4.4209110e+01
   3.1672073e+01
   3.4796563e+01
   3.8666691e+01
   4.3726525e+01
   3.2005341e+01
   4.0280215e+01
   3.1098868e+01
   3.0602676e+01
   3.5404209e+01
   3.7264105e+01
   3.2982842e+01
   3.1579492e+01
   3.8838180e+01
   2.5482150e+01
   1.5433682e+01
   2.0142445e+01
   1.1004524e+01
   2.6918107e+01
   1.4317296e+01
   7.6748615e+01
   7.7521365e+01
   8.2263211e+01
   8.0919913e+01
   7.5355062e+01
   6.0429803e+01
   7.1932559e+01
   5.9178920e+01
   6.1063700e+01
   6.4608749e+01
   6.6546161e+01
   5.1082078e+01
   6.4105985e+01
   5.0080891e+01
   6.1138876e+01
   5.7748118e+01
   6.0881374e+01
   5.5599039e+01
   5.3800564e+01
   4.6059335e+01
   5.3431699e+01
   4.6794581e+01
   4.8928981e+01
   4.9484264e+01
   4.0910459e+01
   3.9099771e+01
   4.3380505e+01
   3.8049149e+01
   3.8772569e+01
   4.3703243e+01
   4.5563356e+01
   4.3090527e+01
   3.2166333e+01
   3.0187637e+01
   2.7861935e+01
   3.7921710e+01
   3.7586821e+01
   2.2557384e+01
   3.0392302e+01
   2.9297645e+01
   2.3167310e+01
   1.7942255e+01
   1.2187098e+01
   2.0385921e+01
   1.7930715e+01
   8.8716446e+01
   8.0386627e+01
   7.5806800e+01
   8.0950224e+01
   7.0331189e+01
   5.9239325e+01
   6.9765809e+01
   6.1098880e+01
   6.1962916e+01
   6.6410776e+01
   6.5650374e+01
   6.4020189e+01
   5.8419617e+01
   5.2395751e+01
   6.0912020e+01
   6.2522738e+01
   6.0578986e+01
   4.7313555e+01
   5.1740451e+01
   4.8230226e+01
   4.2402742e+01
   4.8932252e+01
   5.1281612e+01
   5.1397754e+01
   4.9646402e+01
   5.0886162e+01
   4.3412218e+01
   3.5127860e+01
   4.4165331e+01
   5.3027099e+01
   4.0024480e+01
   4.1230086e+01
   3.8141073e+01
   4.2679830e+01
   4.3809634e+01
   4.1974637e+01
   3.1456175e+01
   3.6993488e+01
   2.2242640e+01
   2.3701529e+01
   3.7734558e+01
   3.7852937e+01
   2.9747469e+01
   3.4402256e+01
   2.7031563e+01
   1.4948856e+01
   7.0893321e+01
   8.6463729e+01
   7.2219084e+01
   7.0815998e+01
   6.7104350e+01
   6.8585606e+01
   6.4816040e+01
   7.2581234e+01
   6.7676605e+01
   6.5406515e+01
   6.2219917e+01
   7.4829852e+01
   5.8518033e+01
   5.6854978e+01
   5.3292810e+01
   5.2793349e+01
   5.5822673e+01
   5.9392042e+01
   5.0878475e+01
   4.9520103e+01
   5.1110961e+01
   5.1792043e+01
   5.0377430e+01
   5.2204275e+01
   4.6168204e+01
   4.6159921e+01
   5.1964012e+01
   4.5129989e+01
   4.4277892e+01
   3.9102132e+01
   4.1090939e+01
   3.3038686e+01
   3.7644592e+01
   3.5164965e+01
   4.1163187e+01
   4.1286355e+01
   3.6141645e+01
   3.4034756e+01
   3.6270541e+01
   4.0157778e+01
   3.1686903e+01
   2.4481089e+01
   3.0629335e+01
   2.7632624e+01
   2.4228324e+01
   1.7819369e+01
   2.3587705e+01
   2.1795289e+01
   1.9407181e+01
   2.2980360e+01
   1.7359286e+01
   8.4235898e+00
   5.5101254e+01
   1.9761944e+01
   1.3904932e+01
   2.8140735e+01
   2.0298182e+01
   4.0367324e+01
   8.7265135e+00
   3.2484362e+01
   1.2574144e+01
   2.0926842e+01
   2.1054547e+01
   4.0979112e+01
   2.8661556e+01
   5.8353524e+01
   3.2944410e+01
   6.1379967e+01
   2.7548367e+01
