   7.7370437e+01
   7.1470074e+01
   7.0406873e+01
   6.8605012e+01
   6.5238838e+01
   6.3881222e+01
   5.5696485e+01
   6.8301228e+01
   6.0908490e+01
   6.5715688e+01
   6.8911522e+01
   5.7170896e+01
   6.0298726e+01
   5.8052330e+01
   5.2218754e+01
   5.3308066e+01
   5.7528028e+01
   4.0750171e+01
   5.4644038e+01
   5.8006011e+01
   5.4861251e+01
   6.3402366e+01
   5.2035711e+01
   3.9114182e+01
   4.8153387e+01
   3.4797858e+01
   3.1318608e+01
   5.5759184e+01
   3.7288016e+01
   4.0382881e+01
   4.7102479e+01
   6.4151862e+01
   3.6914685e+01
   4.3595023e+01
   5.0273197e+01
   3.5357023e+01
   3.8981160e+01
   4.4743354e+01
   5.2063281e+01
   3.8528798e+01
   4.9172005e+01
   3.5786570e+01
   2.7330907e+01
   4.2235331e+01
   4.7336140e+01
   4.1512602e+01
   3.8936840e+01
   5.4158458e+01
   3.4343321e+01
   2.3919447e+01
   3.2529603e+01
   1.7939458e+01
   4.0489316e+01
   2.5714158e+01
   6.1262743e+01
   6.8729181e+01
   7.7866101e+01
   7.7991788e+01
   7.2534175e+01
   4.8996425e+01
   7.2254500e+01
   5.6129406e+01
   5.6501733e+01
   6.4319044e+01
   6.7933517e+01
   4.5421322e+01
   6.9521059e+01
   4.7467985e+01
   6.3807654e+01
   6.6730369e+01
   6.5736008e+01
   5.9666433e+01
   6.2079045e+01
   4.9573037e+01
   5.7506668e+01
   4.9677487e+01
   5.7519879e+01
   5.9909010e+01
   4.1664176e+01
   4.2184840e+01
   4.6970380e+01
   4.1938537e+01
   4.2019029e+01
   5.1689656e+01
   5.3900205e+01
   5.4102569e+01
   3.3946429e+01
   3.5385805e+01
   3.0409512e+01
   5.0069756e+01
   4.8460892e+01
   2.4891476e+01
   4.1691162e+01
   4.7512499e+01
   2.8118785e+01
   2.6074948e+01
   2.5331797e+01
   3.5243941e+01
   2.7821081e+01
   8.2098797e+01
   7.2942407e+01
   7.2755343e+01
   7.5516871e+01
   7.1213609e+01
   5.5187756e+01
   7.1545525e+01
   5.7073752e+01
   6.3624297e+01
   6.9852271e+01
   6.6350267e+01
   6.7659686e+01
   5.6372251e+01
   5.3145462e+01
   6.4247987e+01
   6.5216906e+01
   6.9228763e+01
   5.1768365e+01
   5.6680810e+01
   5.0518573e+01
   4.4367857e+01
   5.3429642e+01
   5.9841008e+01
   5.7498183e+01
   5.0122652e+01
   5.8442910e+01
   5.2129283e+01
   3.8531951e+01
   5.1640230e+01
   5.8391641e+01
   4.2671022e+01
   4.3776377e+01
   4.5297604e+01
   5.6047741e+01
   5.3878365e+01
   5.0648743e+01
   3.7821021e+01
   5.2484253e+01
   2.8393643e+01
   3.0196025e+01
   5.1175123e+01
   5.1925870e+01
   4.6292666e+01
   5.2294438e+01
   4.4477806e+01
   3.0224988e+01
   5.8516707e+01
   8.0342883e+01
   6.7315984e+01
   6.5128463e+01
   6.1379069e+01
   6.4106577e+01
   5.9047402e+01
   7.3363338e+01
   7.0089742e+01
   6.2993840e+01
   5.6459144e+01
   7.4479757e+01
   5.7446523e+01
   5.5671116e+01
   4.9407380e+01
   5.1202103e+01
   6.0066806e+01
   6.1584370e+01
   5.4569745e+01
   5.1673309e+01
   5.4250993e+01
   5.6298660e+01
   4.9980976e+01
   5.8712890e+01
   5.1872036e+01
   5.1660433e+01
   6.2774564e+01
   5.3825613e+01
   5.3414912e+01
   4.5714805e+01
   4.8638490e+01
   3.3535051e+01
   4.1589104e+01
   3.7394929e+01
   5.1595602e+01
   4.7168400e+01
   3.5042885e+01
   3.5184872e+01
   4.3360365e+01
   5.2186581e+01
   4.2187828e+01
   3.5936072e+01
   4.2612671e+01
   3.9975176e+01
   2.3880057e+01
   1.8511522e+01
   2.7468884e+01
   3.2333790e+01
   3.2213770e+01
   3.5163935e+01
   3.1067778e+01
