   9.1643100e+01
   8.4004538e+01
   7.7923620e+01
   7.6695613e+01
   7.4758594e+01
   7.3739892e+01
   6.6007863e+01
   7.1018827e+01
   7.0233678e+01
   7.0710402e+01
   7.3592102e+01
   5.9442720e+01
   5.7400866e+01
   6.2524549e+01
   5.2460228e+01
   5.5815243e+01
   6.1691426e+01
   4.8790850e+01
   5.3828950e+01
   5.5677692e+01
   5.2932232e+01
   6.0308988e+01
   4.6933586e+01
   4.1045600e+01
   4.2906318e+01
   2.8495870e+01
   2.1264362e+01
   5.3023506e+01
   3.4884330e+01
   3.0499361e+01
   3.6251131e+01
   5.6111268e+01
   3.3658211e+01
   3.8439671e+01
   3.3245894e+01
   2.1911754e+01
   3.0104494e+01
   3.5934035e+01
   4.4136183e+01
   2.8244559e+01
   3.5421809e+01
   2.1666568e+01
   2.1331274e+01
   2.3408807e+01
   3.5410852e+01
   2.7168259e+01
   2.5439282e+01
   3.3527972e+01
   1.5880255e+01
   1.1074025e+01
   9.8817649e+00
   7.9310066e+00
   2.4010296e+01
   3.7087992e+00
   8.1760620e+01
   8.5771537e+01
   9.2201641e+01
   8.7109825e+01
   8.4080160e+01
   6.5561415e+01
   7.7386286e+01
   6.1416674e+01
   5.6839504e+01
   7.0800046e+01
   7.0073412e+01
   5.4855309e+01
   6.5540019e+01
   5.2442220e+01
   6.0897606e+01
   5.5853928e+01
   6.3681037e+01
   6.0320601e+01
   5.4612697e+01
   4.4204368e+01
   5.6541460e+01
   4.1311601e+01
   4.7082320e+01
   4.7318261e+01
   3.5408346e+01
   3.9116109e+01
   4.3071480e+01
   3.3601382e+01
   3.7507457e+01
   4.3740175e+01
   4.6474138e+01
   4.2388273e+01
   9.6977346e+00
   2.5798118e+01
   2.3870802e+01
   3.3913459e+01
   3.4966160e+01
   1.7439779e+01
   2.5598468e+01
   2.0708344e+01
   2.0884220e+01
   9.4797646e+00
  -1.0725745e+00
   1.6764390e+01
   7.2976498e+00
   9.4436811e+01
   9.0350864e+01
   8.1506269e+01
   9.1289547e+01
   7.4330028e+01
   6.1362424e+01
   7.9132297e+01
   6.4284305e+01
   6.5921856e+01
   6.9832296e+01
   6.8504007e+01
   7.1733096e+01
   5.9680859e+01
   4.5765107e+01
   6.3456514e+01
   6.6786172e+01
   6.0782675e+01
   4.1658092e+01
   5.0512102e+01
   4.8356270e+01
   3.8415093e+01
   4.3214179e+01
   5.4079581e+01
   5.1282950e+01
   5.1863110e+01
   5.0263643e+01
   4.2319543e+01
   2.2849107e+01
   3.9825597e+01
   5.8022490e+01
   3.5831125e+01
   4.1138628e+01
   3.7206333e+01
   3.7624770e+01
   4.2446219e+01
   3.7407737e+01
   1.2111430e+01
   2.8660240e+01
   3.6103524e+00
   8.7404226e+00
   3.4502107e+01
   3.1421172e+01
   2.2016522e+01
   2.7765227e+01
   2.0685846e+01
   2.6753168e+00
   7.4354939e+01
   9.2595608e+01
   7.4698609e+01
   7.8169466e+01
   7.1252031e+01
   7.2247229e+01
   6.8170469e+01
   8.1544937e+01
   7.1409780e+01
   6.8626127e+01
   6.4961208e+01
   8.0607570e+01
   6.2573108e+01
   5.8820297e+01
   5.0014498e+01
   5.5139940e+01
   5.6153465e+01
   6.0655723e+01
   4.8531707e+01
   4.8779282e+01
   4.7890461e+01
   5.3234381e+01
   5.0744861e+01
   5.3517311e+01
   4.4004004e+01
   4.3291421e+01
   5.1092831e+01
   4.0706825e+01
   4.1541842e+01
   3.4684458e+01
   3.8434803e+01
   2.4501204e+01
   3.6865709e+01
   2.6984671e+01
   3.9661550e+01
   4.1797926e+01
   2.9269329e+01
   2.1409207e+01
   3.4583917e+01
   3.2597899e+01
   2.5314459e+01
   2.1548398e+01
   2.3000184e+01
   1.6904245e+01
   1.3164951e+01
   4.4674843e+00
   1.7476801e+01
   1.4900103e+01
   1.0493487e+01
   1.7185288e+01
   1.1598954e+01
