10
1
14
9
29
9
12
11
25
3
40
16
15
10
7
16
18
2
19
3
13
15
14
22
44
41
18
11
21
22
16
18
10
9
24
8
12
6
9
15
25
30
7
6
42
39
9
33
44
7
3
15
36
17
8
5
9
1
12
14
24
11
6
6
1
5
12
26
90
6
35
30
42
36
7
21
36
37
38
11
14
30
39
2
26
26
35
31
70
20
35
23
28
24
2
28
7
37
5
9
15
36
22
6
25
25
32
38
7
8
17
11
11
9
28
4
26
56
68
22
36
22
2
34
14
3
38
47
40
9
9
8
35
32
5
26
36
12
28
34
16
57
31
3
21
8
35
6
58
45
4
18
3
12
10
6
9
8
3
23
9
7
17
11
6
36
11
5
66
6
16
6
14
6
26
14
21
2
13
37
10
32
7
11
45
46
15
35
7
26
15
60
2
11
6
1
12
40
40
24
15
25
20
30
14
37
23
26
46
53
21
6
24
45
10
62
15
10
21
2
2
1
33
40
34
39
3
14
16
29
19
16
25
41
1
35
11
14
23
9
4
49
12
30
31
2
9
18
13
35
10
70
6
31
8
2
5
23
8
25
3
10
27
6
22
12
22
13
11
19
40
3
4
22
52
1
13
12
30
30
3
9
35
21
42
15
2
34
7
30
27
15
33
36
10
14
12
18
8
33
22
27
29
1
25
38
2
23
3
14
43
47
18
