13
68
2
24
5
8
7
9
25
11
6
46
32
24
38
9
41
18
18
40
25
32
15
63
9
4
4
36
24
4
3
18
40
8
57
7
12
20
30
5
20
35
25
9
5
43
10
7
8
10
9
44
21
13
25
18
19
14
38
11
31
33
27
12
11
20
1
14
29
9
18
6
2
7
8
10
31
38
26
17
44
10
14
27
24
26
3
22
16
41
7
10
6
19
11
14
10
19
10
18
3
24
23
37
32
28
20
25
53
9
30
21
8
3
3
10
13
16
50
21
3
3
29
3
4
16
3
36
11
8
27
12
3
36
17
32
8
10
17
24
44
29
15
4
50
15
37
12
7
18
30
45
9
5
23
45
55
14
16
34
26
10
25
52
28
8
14
4
41
32
26
1
31
47
22
8
37
20
9
44
32
40
37
21
9
31
7
44
5
33
35
13
22
35
1
53
2
16
6
38
32
21
8
14
2
22
5
23
15
33
27
14
14
3
41
30
9
20
13
3
9
9
30
16
29
8
11
16
18
30
7
20
36
16
17
2
25
30
22
11
39
7
34
20
38
8
6
16
28
18
10
34
4
9
4
13
36
3
32
10
33
22
15
39
22
20
9
5
10
5
21
19
52
9
34
24
22
11
13
16
9
44
7
54
13
12
19
15
36
53
31
23
10
5
7
12
36
17
22
1
28
22
22
43
20
