2
36
9
14
13
39
12
22
7
41
13
12
5
28
9
24
9
3
33
2
23
26
17
9
9
22
19
20
3
3
23
6
31
17
14
28
2
5
16
54
12
38
11
11
1
4
6
11
1
4
10
14
7
15
9
27
13
21
20
19
21
1
9
43
7
16
17
26
8
17
8
28
42
7
44
4
9
2
36
2
6
7
10
4
24
37
20
13
3
7
11
9
13
26
9
27
25
1
11
18
40
4
17
25
18
30
12
74
6
11
22
9
6
1
12
11
1
8
23
1
24
8
19
19
9
16
11
51
14
3
6
5
19
42
23
26
3
2
33
25
44
4
31
9
3
25
4
8
10
64
12
11
36
11
14
8
11
6
5
5
7
12
17
17
35
17
31
10
21
16
10
33
11
8
17
25
3
4
18
6
16
6
23
32
33
28
26
2
6
8
8
2
10
11
18
5
15
3
42
11
9
13
3
2
3
12
1
4
1
17
19
9
8
11
21
1
6
12
9
35
8
12
7
13
19
17
15
10
1
40
12
2
1
33
2
11
32
8
9
4
12
12
25
45
9
7
18
29
5
22
8
22
17
10
7
11
10
16
5
3
5
25
2
24
