24
91
10
2
48
23
11
16
7
2
4
10
10
3
14
21
2
6
4
27
10
12
10
26
5
13
5
10
32
9
7
20
38
15
28
18
10
14
19
5
16
9
1
8
22
27
2
3
23
3
14
16
13
6
7
3
40
22
11
5
13
61
2
4
15
14
6
12
20
43
24
4
3
11
9
7
17
16
7
16
3
10
8
7
13
19
35
17
11
63
23
10
23
10
20
18
4
12
15
13
18
13
2
41
8
15
3
13
59
10
16
4
9
5
5
27
3
8
15
21
8
4
27
3
40
50
12
5
6
2
5
10
38
12
27
13
12
23
30
1
2
13
10
20
33
9
16
6
4
33
9
8
10
10
2
12
11
17
28
11
12
5
5
20
24
34
26
29
5
12
34
9
5
7
18
1
18
14
15
18
19
18
4
16
12
27
4
1
30
31
23
4
2
30
11
6
5
23
5
6
10
5
21
9
5
16
21
15
25
3
11
1
12
3
20
18
10
12
8
36
6
11
17
10
26
3
4
9
7
11
33
10
3
38
15
23
4
1
5
12
27
1
34
15
21
4
1
5
6
7
10
14
11
3
14
14
16
9
3
3
14
48
23
6
21
4
13
3
16
10
5
4
10
6
16
18
30
3
2
25
16
1
1
22
8
40
18
3
16
