24
18
7
5
4
11
12
23
10
10
27
1
52
16
20
20
21
22
14
15
13
1
15
8
4
3
30
14
26
19
2
2
43
25
15
28
4
6
22
34
7
29
6
24
22
20
13
24
7
16
6
1
30
7
2
26
8
8
7
39
9
9
25
20
18
2
35
4
26
8
10
20
23
6
4
24
8
2
36
8
2
21
26
12
7
30
2
26
35
10
24
18
16
2
35
26
12
6
24
45
6
57
10
5
2
8
20
29
30
41
2
6
4
6
8
32
14
22
9
12
32
24
52
6
36
12
7
17
21
44
5
10
9
17
9
23
3
24
4
24
3
14
23
4
28
14
1
8
15
7
2
10
50
2
25
10
6
20
4
3
11
16
3
2
2
18
4
22
48
16
1
14
8
8
6
7
11
7
33
6
1
54
5
7
11
13
20
14
30
2
3
9
18
6
3
6
14
18
21
17
23
15
5
3
15
7
30
9
7
20
7
1
1
14
40
8
3
4
12
4
4
8
14
49
49
7
21
2
7
12
5
9
22
14
16
18
12
11
22
17
1
12
6
7
7
11
6
2
13
24
18
23
31
9
22
2
44
13
8
23
22
9
47
18
