3
10
21
3
12
32
20
6
1
24
1
25
4
17
22
6
6
22
19
3
19
5
54
46
16
12
9
41
17
1
11
11
1
16
3
1
27
7
10
4
22
9
18
3
21
36
4
5
6
18
13
10
11
19
5
11
24
28
10
7
7
26
5
27
14
16
3
1
7
16
2
6
4
22
7
11
19
24
9
30
15
13
23
20
18
16
3
13
4
24
38
1
45
9
13
10
35
16
17
2
11
37
16
25
21
28
39
12
10
4
8
16
21
15
8
16
40
18
17
15
7
23
28
16
26
33
23
25
37
8
7
10
3
8
11
9
14
21
13
4
10
15
17
4
12
5
10
19
14
3
28
5
24
11
9
8
21
5
35
20
18
33
5
3
3
5
14
3
31
29
4
3
14
9
13
30
18
1
5
17
9
39
16
16
1
38
41
13
5
49
16
33
3
2
5
8
32
6
17
11
1
5
36
29
21
12
3
23
41
40
11
1
31
9
13
75
6
34
22
10
10
18
13
11
3
24
32
8
2
13
7
5
8
7
31
25
50
6
46
6
9
5
8
3
10
