23
39
28
3
37
4
14
38
16
21
9
11
1
5
21
7
7
7
17
33
15
6
46
16
20
27
55
53
53
24
34
1
20
22
34
24
56
27
38
4
12
35
25
22
18
14
24
26
50
21
10
42
4
9
17
34
39
1
62
52
6
38
20
12
29
34
24
30
35
5
2
39
15
42
6
33
7
51
2
7
1
46
16
4
18
18
7
24
9
20
11
6
24
4
28
34
28
52
24
6
33
7
8
44
24
21
20
32
3
13
3
76
40
12
20
9
24
10
38
5
26
1
5
24
15
3
40
29
21
10
37
52
29
23
25
7
10
35
24
14
25
5
5
21
23
16
9
23
1
4
3
29
4
15
56
38
2
2
35
12
19
17
24
34
10
41
17
36
24
27
37
33
16
8
27
38
21
3
52
16
7
25
1
43
33
11
6
13
5
6
2
37
49
14
32
34
32
13
2
3
15
48
10
42
45
15
20
30
49
8
57
15
38
4
38
19
27
24
22
31
44
10
13
12
12
9
9
34
2
22
35
41
52
16
10
13
29
6
33
30
46
5
18
18
4
11
6
12
6
30
8
20
35
18
7
25
40
11
37
7
5
40
20
10
25
2
23
51
30
8
2
17
46
22
26
23
11
31
24
4
9
