18
12
14
12
13
17
20
14
27
25
11
9
8
24
21
6
14
20
12
3
10
20
12
13
14
16
9
28
44
3
58
3
9
15
10
2
18
45
6
5
14
20
33
24
4
12
26
19
13
16
17
20
28
11
19
3
53
20
6
12
20
18
15
5
58
11
21
10
11
11
40
15
7
21
14
12
25
20
16
15
13
40
9
4
12
39
8
6
21
10
23
15
12
37
1
52
3
8
12
22
38
7
15
11
66
30
34
14
16
34
52
14
6
8
4
17
2
4
24
21
27
11
12
15
17
29
12
9
46
14
1
7
9
5
41
16
10
7
50
3
13
12
52
33
2
21
72
20
65
16
13
13
39
32
26
38
3
18
13
32
16
14
3
47
17
10
17
12
41
5
2
24
58
15
17
6
39
10
10
3
5
24
16
6
19
22
22
5
28
53
64
2
32
32
51
21
27
17
21
6
6
15
7
33
10
3
5
6
23
6
6
26
4
8
14
1
10
3
31
9
11
15
3
9
5
17
19
16
12
7
2
8
12
6
17
15
24
4
17
10
15
14
9
7
17
21
19
55
19
25
3
7
2
2
