3
7
53
24
5
25
9
3
10
3
20
6
33
12
9
18
33
5
8
25
30
15
18
20
12
25
2
21
24
3
17
5
51
12
8
29
21
12
6
11
18
2
21
20
6
7
13
6
6
3
15
25
10
6
35
16
20
26
36
16
14
13
15
26
8
29
7
13
10
41
12
35
22
2
15
36
2
38
35
15
12
31
69
16
15
12
20
31
70
22
17
16
25
16
35
20
38
2
12
47
13
16
4
12
4
69
12
34
5
15
5
79
12
20
18
15
17
25
2
19
6
3
11
17
7
11
12
43
10
18
26
14
6
9
30
21
11
52
7
2
1
2
3
7
1
23
18
3
13
4
43
8
17
16
20
13
13
5
4
36
34
7
13
3
21
9
8
54
13
20
18
10
17
6
27
25
6
15
2
9
14
20
29
8
30
5
13
5
21
37
17
14
8
16
21
8
19
10
23
69
3
4
14
40
5
21
8
21
22
24
4
31
25
37
4
11
33
9
25
13
11
32
5
17
10
43
9
3
2
19
17
22
23
1
16
15
9
2
30
50
30
36
14
55
13
11
33
3
10
12
39
40
21
11
7
4
10
