12
10
4
6
35
15
5
13
10
37
2
8
11
2
18
3
33
17
5
23
1
11
4
21
14
4
18
24
8
6
30
5
10
2
12
13
21
17
20
19
1
16
13
2
7
41
35
27
3
49
5
33
17
26
14
10
29
25
9
4
37
17
23
3
8
6
19
5
31
9
1
10
9
26
7
49
32
17
5
42
11
26
61
4
6
21
6
53
19
8
25
18
17
6
34
25
1
13
9
31
6
20
7
26
8
12
4
16
42
13
3
4
9
1
24
18
4
32
25
7
9
22
17
35
9
8
54
2
10
17
41
17
35
10
3
3
10
8
3
57
28
2
24
4
23
3
15
14
6
1
4
18
38
8
3
6
6
17
3
35
11
18
22
16
25
21
3
8
15
45
46
55
39
13
13
1
12
10
19
4
12
18
28
6
3
11
11
27
1
6
7
4
21
17
42
5
35
29
54
18
4
5
42
9
19
7
19
28
33
6
38
42
16
21
20
1
14
9
13
8
64
28
16
6
1
17
5
21
53
7
34
17
27
35
12
12
26
8
1
14
29
4
35
9
30
9
