11
7
19
22
8
32
25
17
14
6
22
6
29
16
1
25
9
15
15
8
7
2
12
14
29
8
16
14
2
37
5
4
9
5
1
15
33
3
17
18
8
22
11
3
21
13
23
42
24
7
36
5
12
1
11
9
2
12
11
1
18
17
2
3
13
27
15
3
29
3
7
37
8
1
13
3
39
8
2
11
18
15
20
27
7
18
31
7
3
6
9
2
8
14
10
20
12
44
14
12
15
26
1
2
5
5
9
16
2
7
31
18
42
3
4
9
4
24
5
20
1
7
11
13
7
3
3
23
8
7
11
14
27
11
30
5
8
19
20
7
6
15
8
4
4
21
13
4
10
42
45
8
3
2
17
8
16
9
22
5
12
13
10
7
8
16
31
9
3
12
1
6
5
17
19
54
13
3
22
6
23
24
7
1
24
3
28
26
8
10
16
16
10
5
13
4
7
32
4
7
7
7
7
1
4
5
5
20
24
22
13
23
5
1
7
1
16
10
12
33
1
5
1
23
24
3
20
8
2
35
19
33
14
11
6
6
37
1
72
34
5
19
25
56
5
8
3
19
41
10
33
10
6
2
20
10
23
33
16
23
49
12
1
35
18
21
20
48
15
35
20
2
27
5
1
19
2
10
9
30
40
1
24
2
48
16
12
36
11
5
11
8
18
51
16
26
8
11
14
2
2
19
6
14
8
43
12
3
38
12
11
3
12
35
47
20
27
18
17
14
2
39
11
5
41
17
22
5
25
5
24
8
3
2
10
10
11
8
12
23
36
20
16
13
15
21
9
49
4
25
13
41
6
22
1
11
50
15
28
2
26
