23
13
34
10
9
26
52
8
10
5
4
18
5
4
1
4
12
21
31
20
12
9
7
6
1
14
31
10
18
14
34
19
15
9
8
21
23
13
47
19
21
6
5
4
10
21
6
15
17
4
22
3
6
15
2
21
26
27
23
7
22
11
24
14
17
3
30
17
28
40
4
27
29
3
31
7
14
12
33
17
13
6
28
8
33
4
22
16
3
10
29
1
4
2
9
4
10
33
24
4
26
7
1
13
3
21
25
45
31
10
9
50
16
31
19
20
24
4
6
34
10
18
37
22
22
4
10
4
2
11
37
12
2
15
27
35
35
2
16
11
15
21
8
6
2
3
45
11
20
22
2
18
5
39
21
9
28
58
12
2
7
10
4
51
17
24
14
3
37
27
51
16
49
16
29
23
12
20
10
25
29
18
7
8
7
49
11
39
21
4
24
39
44
4
20
42
9
20
9
19
8
34
16
8
47
5
2
14
10
11
33
1
2
13
16
23
9
23
14
14
7
10
67
30
34
4
5
13
1
29
21
2
16
16
5
28
23
11
1
11
8
30
39
8
6
25
15
4
6
40
30
8
18
19
38
6
2
26
18
6
12
43
16
3
