2
12
10
21
1
16
52
8
17
28
54
41
15
40
31
3
48
25
33
23
28
10
13
4
1
3
18
20
10
9
5
1
19
25
11
37
2
9
8
2
7
3
25
34
12
17
8
1
23
2
28
5
10
17
24
23
40
10
36
9
37
11
26
16
2
2
26
19
41
37
55
42
17
41
1
21
11
13
8
31
34
4
4
12
16
45
42
82
30
17
2
20
20
9
13
33
53
20
9
26
11
4
24
21
6
7
16
10
31
6
13
20
12
10
4
4
8
13
18
49
7
20
8
2
26
3
7
10
10
8
7
5
7
3
11
4
8
37
57
28
38
14
3
26
59
17
12
53
34
12
1
33
10
4
17
27
46
8
79
10
55
31
5
2
7
21
1
1
51
4
35
3
24
36
34
37
13
3
15
12
12
11
22
8
2
31
5
39
25
11
1
27
14
38
8
5
3
21
16
4
15
45
12
32
37
24
11
4
47
9
9
7
2
34
23
7
34
13
14
3
22
23
2
6
1
2
20
1
7
35
2
41
15
26
48
3
10
4
24
10
63
5
8
8
34
