   7.6278181e+01
   6.5820107e+01
   7.3054536e+01
   4.3423529e+01
   5.8122680e+01
   3.6687231e+01
   5.5438655e+01
   3.2162052e+01
   2.7176316e+01
   2.8834269e+01
   1.9384603e+01
   7.3387145e+01
   6.8051000e+01
   5.4668295e+01
   6.5424747e+01
   4.6306379e+01
   4.4173109e+01
   3.2722774e+01
   2.5728655e+01
   3.6054599e+01
   2.8632801e+01
   2.4139444e+01
   7.8222089e+01
   6.0992324e+01
   6.3312559e+01
   5.3936842e+01
   6.0472524e+01
   3.9153016e+01
   5.0313660e+01
   4.1481652e+01
   3.1976717e+01
   3.2394241e+01
   6.3907398e+01
   4.2576553e+01
   5.3010133e+01
   5.1333210e+01
   3.6606672e+01
   4.2811216e+01
   3.5134073e+01
   3.1627507e+01
   3.4475740e+01
   3.8822029e+01
   2.3602444e+01
   2.9847278e+01
   1.5195541e+01
   8.7384514e+01
   8.1083349e+01
   5.7849030e+01
   6.6784064e+01
   5.9095606e+01
   5.4440090e+01
   5.6647537e+01
   4.3434424e+01
   5.0293278e+01
   4.7085889e+01
   3.1596073e+01
   4.6990929e+01
   2.8654237e+01
   1.8085317e+01
   7.0341850e+01
   4.9509835e+01
   5.1914136e+01
   4.8703018e+01
   5.3180216e+01
   2.9415377e+01
   3.2755165e+01
   3.1186849e+01
   2.8772668e+01
   4.8811682e+01
   3.5629489e+01
   2.7315054e+01
   1.5680920e+01
   6.6016179e+01
   7.0893692e+01
   6.7162411e+01
   5.2969630e+01
   5.7676462e+01
   4.8774931e+01
   4.1368861e+01
   4.4561157e+01
   3.1304125e+01
   4.1410877e+01
   4.0491266e+01
   4.5062964e+01
   4.2196145e+01
   1.5132743e+01
   5.8108450e+01
   5.5542891e+01
   5.1769343e+01
   4.7400272e+01
   5.3810566e+01
   3.9909666e+01
   3.9854636e+01
   3.2103294e+01
   2.9089486e+01
   1.9421177e+01
   1.0436013e+01
   1.5229346e+01
   9.8966447e+01
   8.0920584e+01
   6.9748822e+01
   6.7197976e+01
   6.3370221e+01
   6.2709723e+01
   6.8072097e+01
   7.3685914e+01
   4.0800034e+01
   6.3272592e+01
   3.7035979e+01
   4.5993239e+01
   3.6661755e+01
   8.1671388e+01
   7.2725265e+01
   7.0025386e+01
   7.0055184e+01
   6.9394824e+01
   5.6601803e+01
   5.4686924e+01
   5.0309675e+01
   5.6266292e+01
   4.1515972e+01
   6.4493238e+01
   3.1442649e+01
   3.3725221e+01
   6.3376470e+01
   6.7066934e+01
   5.9799753e+01
   6.0159195e+01
   5.4395320e+01
   3.5120391e+01
   3.1915785e+01
   4.7742383e+01
   6.0936409e+01
   4.6295323e+01
   4.1700256e+01
   3.1641358e+01
   2.3468235e+01
   3.0920665e+01
   2.8221161e+01
   7.5774874e+01
   7.3085355e+01
   6.8179760e+01
   6.4649348e+01
   6.1432893e+01
   6.1349227e+01
   5.5443699e+01
   4.4705069e+01
   3.3923808e+01
   4.7079086e+01
   2.8097800e+01
   3.0962375e+01
   2.0843750e+01
   9.6691711e+01
   9.4702362e+01
   7.7508486e+01
   8.1001839e+01
   7.1609769e+01
   7.5885253e+01
   6.6149274e+01
   6.9299474e+01
   6.1054677e+01
   7.2244411e+01
   7.3426233e+01
   5.5434295e+01
   4.9747265e+01
   5.6072450e+01
   5.2226165e+01
   9.5417270e+01
   7.6599954e+01
   7.5189919e+01
   8.4105168e+01
   7.4000837e+01
   7.6632730e+01
   6.8401451e+01
   6.8578308e+01
   5.7472375e+01
   7.1236821e+01
   5.1796808e+01
   5.1501798e+01
   6.0156332e+01
   3.9167971e+01
   6.9669214e+01
   6.1897037e+01
   7.2712734e+01
   6.5070853e+01
   6.0585858e+01
   5.1268757e+01
   6.7851330e+01
   4.1450702e+01
   3.7004249e+01
   4.5097723e+01
   4.9265837e+01
   4.5919930e+01
   6.0668442e+01
   8.4914935e+01
   7.0602411e+01
   6.2011282e+01
   7.2222584e+01
   5.8487085e+01
   4.4701919e+01
   5.2306953e+01
   4.8786522e+01
   4.8760601e+01
   3.3732742e+01
   1.9459427e+01
   5.4338835e+01
   2.7024661e+01
   4.3582367e+01
   1.5709328e+01
   2.3692946e+01
   3.0945453e+00
   1.0684162e+01
   3.3032996e+01
  -2.4256276e+00
