   9.3653108e+01
   7.1163959e+01
   7.3693738e+01
   4.0145115e+01
   5.2829281e+01
   3.5200973e+01
   5.2569075e+01
   2.7176127e+01
   2.1010724e+01
   2.2733424e+01
   1.0771367e+00
   8.3237392e+01
   7.1823630e+01
   6.3068013e+01
   6.8978900e+01
   3.4135877e+01
   4.4369994e+01
   2.9505658e+01
   2.5359866e+01
   2.1696809e+01
   1.9035782e+01
   1.7539553e+01
   8.4358045e+01
   5.8058592e+01
   6.7351017e+01
   4.9080782e+01
   5.9128968e+01
   4.5877471e+01
   3.9191332e+01
   1.2632730e+01
   2.4065692e+01
   1.4450752e+01
   8.1548779e+01
   5.8016960e+01
   6.3253301e+01
   5.4650419e+01
   4.1465266e+01
   4.6342204e+01
   3.4044912e+01
   2.6269926e+01
   3.8929052e+01
   3.0964943e+01
   2.8485723e+01
   3.5132131e+01
   1.2364709e+01
   1.0571482e+02
   8.2483556e+01
   6.5825329e+01
   5.7558495e+01
   5.5591190e+01
   4.3956090e+01
   4.4570966e+01
   3.3593215e+01
   3.9398647e+01
   3.3559604e+01
   2.9913242e+01
   3.0428022e+01
   1.6161265e+01
   7.8238595e+00
   8.1380991e+01
   4.3913788e+01
   5.0412898e+01
   4.6312666e+01
   3.9867105e+01
   3.1764877e+01
   2.5329762e+01
   2.0018706e+01
   1.7792240e+01
   3.6525383e+01
   2.6164019e+01
   5.6563614e+00
  -4.5368183e-01
   7.3843596e+01
   7.8596002e+01
   7.1170631e+01
   4.6203694e+01
   5.1128953e+01
   4.4688940e+01
   3.8845305e+01
   3.7970788e+01
   1.7759295e+01
   3.6288173e+01
   2.7114548e+01
   4.0030356e+01
   1.6710658e+01
  -1.3683238e+00
   7.0607831e+01
   6.6202590e+01
   6.2091542e+01
   4.3142023e+01
   5.9143416e+01
   4.2553744e+01
   3.7007847e+01
   3.7806352e+01
   2.3762434e+01
   1.9033447e+01
   1.0254228e+00
   7.8912811e+00
   1.0595817e+02
   8.0989334e+01
   6.2792652e+01
   5.3543865e+01
   5.1060441e+01
   4.4121773e+01
   4.6470299e+01
   5.0786977e+01
   2.9912075e+01
   2.7858564e+01
   2.4761686e+01
   7.5667574e+00
   1.0316609e+01
   8.9104186e+01
   7.0933777e+01
   6.5530195e+01
   6.3673617e+01
   5.4515326e+01
   5.7240353e+01
   4.4271603e+01
   2.7847870e+01
   4.8145485e+01
   2.6527359e+01
   4.6145322e+01
   1.8848313e+01
   1.6279068e+01
   6.4248606e+01
   5.9682451e+01
   6.9372184e+01
   6.2679879e+01
   4.8319857e+01
   2.6335694e+01
   2.6826477e+01
   4.5776036e+01
   4.0977170e+01
   2.9798324e+01
   2.4443952e+01
   1.0714427e+01
   6.2633916e+00
   1.0440102e+01
   5.9514292e+00
   8.5201699e+01
   7.7124585e+01
   6.8172355e+01
   5.2068816e+01
   5.6359676e+01
   5.1848508e+01
   5.6064002e+01
   3.7205909e+01
   2.8488713e+01
   1.9337432e+01
   1.3840710e+01
   1.0215869e+01
   4.8469528e+00
   1.0182943e+02
   8.9565231e+01
   6.9013822e+01
   6.9281874e+01
   5.2346700e+01
   5.3818444e+01
   4.4235578e+01
   6.0422472e+01
   4.4940356e+01
   5.3036359e+01
   5.0673678e+01
   2.7866914e+01
   2.8832881e+01
   3.3908908e+01
   1.9773860e+01
   8.8886622e+01
   7.0123248e+01
   6.0425754e+01
   6.7779095e+01
   5.4036146e+01
   5.3696687e+01
   4.2447026e+01
   5.0830873e+01
   3.5555638e+01
   4.5696033e+01
   2.6715085e+01
   3.6284305e+01
   2.6468986e+01
   6.5156071e+00
   7.6786345e+01
   5.7544505e+01
   5.9836914e+01
   5.8194662e+01
   5.2802603e+01
   4.5431478e+01
   4.7041109e+01
   2.1001412e+01
   2.2784297e+01
   2.5018206e+01
   1.9183553e+01
   1.3405192e+01
   6.6796554e+01
   6.6908254e+01
   7.2020540e+01
   4.7279112e+01
   6.0657698e+01
   3.7437384e+01
   3.5963182e+01
   4.0901409e+01
   2.0317178e+01
   1.7402839e+01
   1.1978992e+01
   7.2841139e+00
   7.6934033e+01
   2.0640060e+01
   4.1951919e+01
   1.7764675e+01
   3.2800123e+01
   1.2942230e+01
   9.9340527e+00
   2.0860336e+01
  -5.0617574e+00
