   6.2298005e+01
   2.9714818e+01
   2.2684483e+01
   5.6068003e+01
   4.6878807e+01
   5.3142337e+01
   2.8651120e+01
   6.9345772e+01
   8.1668166e+01
   3.5672672e+01
   4.7737698e+01
   7.7218981e+01
   7.4584855e+01
   1.5050649e+01
   5.0314930e+01
   3.3524699e+01
   4.5906387e+01
   3.4289161e+01
   1.6283249e+01
   3.5059047e+01
   2.7164460e+01
   2.3262973e+01
   7.0478529e+01
   3.0558138e+01
   3.6761793e+01
   9.6239171e+01
   5.4902846e+01
   6.6124969e+01
   5.1228577e+01
   4.4117507e+01
   5.9911432e+01
  -1.9030560e+00
   5.7147070e+01
   5.3186128e+01
   2.7273926e+01
   8.5120592e+01
   1.4872305e+01
   5.5786612e+01
   2.8684686e+01
   3.0000159e+01
   3.3511260e+01
   1.7663981e+01
   7.1079013e+01
   3.5635897e+01
   5.2358429e+01
   4.0130234e+01
   5.9464430e+01
   5.9227760e+01
   6.4511345e+01
   7.8747849e+01
   5.4126893e+01
   8.9006962e+01
   7.7101718e+01
   4.2263979e+01
   5.3297375e+01
  -8.1135152e+00
   6.7394588e+01
   8.5326031e+01
   6.3809162e+01
   9.4266604e+01
   4.1650636e+00
   1.2672321e+00
   5.6779476e+01
   7.5184176e+01
   4.6537431e+00
   2.2195176e+01
   4.2930102e+01
   6.8147003e+01
   8.9180324e+01
   6.3111516e+01
   3.4460284e+01
   3.9441707e+01
   4.5395465e+01
   7.4083332e+01
   4.9229786e+01
   3.6371762e+01
   6.3850107e+01
   2.0076793e+01
   2.3311257e+01
   1.2628643e+01
   4.4111936e+01
   2.2206784e+01
   7.1097367e+01
   2.0093702e+01
   5.0575191e+00
   2.3465019e+01
   4.7060515e+01
   5.2918005e+01
   7.5084052e+01
   1.4111126e+01
   1.7794123e+01
   3.0911671e+01
   4.7889074e+01
   5.7328223e+01
   3.3000625e+01
   3.2706292e+01
   7.0403182e+01
   3.2609688e+01
   5.8159579e+01
   5.2433984e+01
   4.2261619e+01
   5.0158485e+01
   2.5940360e+01
   7.5111500e+01
   4.1652599e+01
   3.3411285e+01
   7.0535441e+01
   5.6356943e+01
   9.4191881e+01
   3.9976868e+01
  -1.6125296e+01
   2.3735881e+01
   3.6704909e+01
   6.8155549e+01
   8.7479679e+01
   2.9833557e+01
   1.8628238e+01
   7.2724526e+01
   2.4341403e+01
   4.0474532e+01
   3.0505370e+01
   3.7699437e+01
  -3.5700559e+00
   6.8150168e+01
   5.8172660e+01
   5.8895503e+01
   5.4179974e+01
  -2.1610704e+01
   4.7599279e+01
   6.5249498e+01
   4.1337502e+01
   8.4850299e+01
   8.0973097e+01
   1.5526201e+01
   3.4246696e+01
   6.1403177e+01
   4.3875489e+01
   7.1261863e+01
   7.1772666e+01
   7.2525363e+01
   4.8871403e+00
   4.4135762e+01
   3.2522722e+01
   1.6102297e+01
   3.6155397e+01
   3.6222908e+01
   2.1487794e+01
   7.8748788e+01
   5.4305585e+01
   6.6226093e+01
   6.0785729e+01
   8.6829304e+01
   3.4453223e+01
   4.7558666e+01
   7.0920318e+01
   4.2289618e+01
   5.9950960e+01
   3.1238261e+01
   3.8725948e+01
   6.9408305e+01
  -7.6627578e+00
   1.0018806e+02
   9.1569990e+00
   2.2279471e+00
   3.5241718e+01
   2.9543433e+01
   7.2238960e+01
   4.8701685e+01
   5.8423917e+01
   5.7301622e+01
   8.4720667e+01
   4.8611550e+01
   6.1350055e+01
   9.2535255e+01
   2.0354443e+01
   7.0587767e+01
   8.7035404e+01
   7.3158062e+01
   5.1371949e+01
   4.2778350e+01
   8.0409553e+01
   2.8837150e+01
   8.5177434e+01
   5.4947458e+01
   7.0750989e+01
   9.6914602e+00
   7.9894364e+01
   3.2111261e+01
   7.4591724e+01
   1.0685623e+02
   4.6820163e+01
   8.6522109e+01
   9.1955289e+00
  -1.7073027e+01
   3.9033825e+01
   4.0378678e+01
   4.6702158e+01
   6.2706651e+01
   1.0118219e+01
   3.7560357e+01
   1.2338891e+01
   6.5140012e+01
   2.6124390e+01
  -1.1535768e+00
  -1.2456522e+01
   5.9831618e+00
   6.5729552e+01
   1.0570844e+00
   5.4422381e+01
   1.3372792e+01
   6.2516537e+01
   6.4502314e+01
   4.4570618e+01
   3.0600577e+01
   5.6610976e+01
   9.4907317e+01
   3.1442590e+01
   2.2559140e+01
   5.4245923e+01
   4.1697990e+01
   2.7362977e+01
  -5.1498652e+00
   4.8686553e+01
   5.2624479e+01
   4.2667660e+01
   8.6468686e+01
   7.8814712e+01
   5.5152197e+01
   5.3732132e+01
   9.2922916e+01
   3.5757496e+01
  -1.1650543e+01
   5.4371836e+01
   2.9412042e+01
   2.2374338e+01
   7.9652307e+01
   3.8338059e+01
   8.6317605e+01
   1.1409750e+00
   2.3676355e+01
   5.3229495e+01
   3.8532252e+00
   1.0280008e+02
   2.8503545e+01
   3.1106360e+01
   4.3397931e+01
   6.7153065e+01
   1.7074977e+01
   6.8544409e+01
   5.1643046e+01
   6.9218728e+01
   5.0099365e+01
   2.2041583e+01
   7.8019017e+01
   6.2892361e+01
   5.9438014e+01
   7.0816992e+01
   4.8570310e+01
   2.3617356e+01
   2.7558109e+00
   5.3073530e+01
   2.0134298e+01
   2.9898309e+01
   4.5973725e+01
   4.9338332e+01
