   5.7883662e+01
   3.0535062e+01
   8.9506931e+00
   7.0626494e+01
   4.8792270e+01
   4.2529935e+01
   2.3093857e+01
   8.4316062e+01
   9.7059782e+01
   2.7749203e+01
   4.3638888e+01
   9.7046098e+01
   8.5903067e+01
   4.2891987e+00
   4.7085347e+01
   3.4615762e+01
   4.3015839e+01
   3.2386825e+01
   5.3949772e+00
   3.4660588e+01
   2.4010287e+01
   1.8696264e+01
   6.8869121e+01
   2.4786866e+01
   4.1987739e+01
   1.2113648e+02
   6.3250182e+01
   6.6795530e+01
   4.8179957e+01
   4.2853815e+01
   6.7444919e+01
  -1.6473622e+01
   5.4352436e+01
   7.0823086e+01
   3.0626652e+01
   9.5154748e+01
   1.0583092e+01
   5.1699837e+01
   2.2201008e+01
   2.8078954e+01
   3.5120321e+01
   1.2372697e+01
   7.9634594e+01
   3.0100986e+01
   5.8785445e+01
   3.5884583e+01
   7.5164483e+01
   6.7707238e+01
   7.6362101e+01
   8.5273443e+01
   4.9111464e+01
   1.0473149e+02
   9.3187672e+01
   3.6871899e+01
   6.0145903e+01
  -3.5085531e+01
   6.8917850e+01
   8.7352877e+01
   7.2341890e+01
   1.1087811e+02
   2.0304710e+00
  -1.9592120e+01
   5.3072380e+01
   7.9356145e+01
  -2.6789867e+00
   8.3790738e+00
   4.6971830e+01
   6.9552612e+01
   1.1607266e+02
   7.2259929e+01
   3.0706347e+01
   3.6405333e+01
   5.7885564e+01
   8.5084268e+01
   4.5909541e+01
   3.6627505e+01
   7.9413102e+01
   1.6545375e+01
   2.3810081e+01
   8.0969145e+00
   4.0561395e+01
   1.1342922e+01
   7.8821212e+01
   1.8962820e+01
  -1.3568789e+01
   1.7871799e+01
   4.6935026e+01
   5.7474906e+01
   7.7119387e+01
   8.5618275e+00
   1.8496647e+01
   3.5702330e+01
   4.5174934e+01
   5.6447721e+01
   2.9966954e+01
   2.9555883e+01
   7.9411920e+01
   2.8227848e+01
   5.9905472e+01
   6.2035712e+01
   3.7106047e+01
   5.2171375e+01
   2.2527302e+01
   8.6592087e+01
   3.6057042e+01
   3.3514596e+01
   8.0829493e+01
   6.3879628e+01
   1.1620787e+02
   3.9486330e+01
  -4.6378751e+01
   2.5057928e+01
   3.1740211e+01
   7.2938870e+01
   8.4856614e+01
   2.7881185e+01
   1.2552792e+01
   8.4816042e+01
   7.1371621e+00
   4.9966772e+01
   1.8580254e+01
   4.4111024e+01
  -2.0787995e+01
   7.4528821e+01
   7.0174607e+01
   6.4556703e+01
   5.7138179e+01
  -3.3599939e+01
   5.4903774e+01
   6.8847723e+01
   4.1364024e+01
   8.8910770e+01
   9.6044985e+01
   4.7782836e+00
   3.6031019e+01
   6.7815206e+01
   4.9838399e+01
   8.0499344e+01
   8.0268764e+01
   8.0051433e+01
  -9.8953392e+00
   3.9405431e+01
   3.0445331e+01
   9.0308773e+00
   3.7024083e+01
   3.0482967e+01
   1.9701517e+01
   9.0584985e+01
   4.8843666e+01
   7.5139491e+01
   6.4614608e+01
   9.4417625e+01
   3.1709521e+01
   4.6074100e+01
   8.5049728e+01
   5.3125003e+01
   7.0719845e+01
   2.6865007e+01
   3.5176656e+01
   7.1117633e+01
  -2.3952042e+01
   1.1847626e+02
  -8.2396609e+00
  -1.9103103e+01
   3.3081864e+01
   2.4555235e+01
   7.2994401e+01
   4.4687871e+01
   6.4689163e+01
   6.8737727e+01
   1.0435863e+02
   4.8163605e+01
   5.7305736e+01
   1.2019580e+02
   1.2958296e+01
   7.3508511e+01
   9.6584144e+01
   7.4637316e+01
   5.1655268e+01
   3.8256333e+01
   8.9454200e+01
   2.2678039e+01
   9.9396884e+01
   5.9185695e+01
   8.3338200e+01
  -1.1705930e+00
   9.1727339e+01
   3.3141767e+01
   7.9879871e+01
   1.3888593e+02
   5.4642753e+01
   1.0019662e+02
  -7.1565408e+00
  -4.1763732e+01
   3.2655590e+01
   5.2299852e+01
   4.4742256e+01
   7.0607393e+01
   1.9086023e+00
   3.5885481e+01
   8.3028544e+00
   6.1154891e+01
   2.7419283e+01
  -2.1190055e+01
  -3.4397264e+01
   9.0050567e-01
   6.5105908e+01
  -1.4023673e+01
   6.4090558e+01
  -1.1265495e+00
   7.2496419e+01
   6.3484266e+01
   3.5343346e+01
   2.2922917e+01
   6.3806939e+01
   1.0680188e+02
   2.7802315e+01
   1.0361333e+01
   6.4843406e+01
   3.1738332e+01
   2.3589743e+01
  -6.7764075e+00
   4.1565072e+01
   4.7009578e+01
   4.3743640e+01
   1.0643183e+02
   9.3150143e+01
   6.5209317e+01
   4.8813592e+01
   9.5997713e+01
   3.4411503e+01
  -1.4657714e+01
   5.8162366e+01
   2.6041728e+01
   2.5658248e+01
   1.0007520e+02
   3.6248034e+01
   1.0829656e+02
  -1.9308317e+01
   2.4587174e+01
   6.3866406e+01
  -1.3577214e+01
   1.1562075e+02
   2.0857901e+01
   3.1672968e+01
   4.1664969e+01
   6.6026051e+01
   8.9148592e+00
   7.3627888e+01
   4.8546859e+01
   7.3893975e+01
   4.4621561e+01
   1.1584715e+01
   8.6187058e+01
   7.6406395e+01
   6.4523382e+01
   7.4872990e+01
   5.3321627e+01
   7.6048736e+00
  -2.0400007e+01
   5.8541482e+01
   2.8175778e+01
   2.1871182e+01
   4.6626408e+01
   4.3334561e+01
   3.3645119e+00
  -2.8381645e+01
  -2.8175894e+01
   7.3822569e+01
  -1.5581289e+01
