1
23
24
2
37
6
19
17
10
10
18
39
5
30
14
6
36
13
12
18
8
29
15
8
15
4
27
12
20
9
9
17
19
5
19
11
4
19
10
9
12
15
45
14
8
30
61
14
8
9
40
11
7
9
14
19
4
5
1
11
7
22
2
21
18
22
3
34
40
31
17
19
11
17
79
24
36
9
7
2
30
18
6
3
5
23
3
24
9
16
7
19
9
13
16
9
18
31
13
22
6
28
37
12
13
18
2
10
4
9
32
1
31
31
22
11
22
9
3
5
21
18
18
26
23
5
33
39
13
23
22
13
1
12
12
17
17
57
12
42
48
34
18
7
3
6
4
2
3
4
17
10
3
7
16
20
12
18
18
33
33
6
6
13
3
10
7
17
19
12
9
11
21
19
12
20
9
17
22
2
23
33
7
30
36
19
9
2
2
9
4
2
50
46
21
5
14
22
9
17
15
19
8
7
10
8
4
22
21
5
26
6
4
10
9
17
30
5
9
4
6
4
36
4
8
12
12
1
28
10
19
21
2
18
10
7
7
25
4
5
27
8
22
2
14
17
28
11
18
4
2
14
6
