   3.5710709e+01
   5.7206470e+01
   3.6551665e+01
   5.2275568e+01
   5.8937522e+01
   8.1165323e+01
   3.0389189e+01
   1.1189790e+01
   7.1762844e+01
   3.9400809e+01
   4.9998688e+01
   4.5825751e+01
   4.7609476e+01
   3.3784799e+01
   3.3784581e+01
   5.9734337e+01
   6.8349878e+01
   3.5826616e+01
   2.9607551e+01
   3.6628412e+01
   6.6768593e+01
   3.6591935e+01
   7.7103130e+01
   5.4440751e+01
   6.2741365e+01
   8.3544182e+01
   7.9873184e+01
   7.1980743e+01
   5.4284275e+01
   4.4829107e+01
   7.1485940e+01
   1.8238881e+01
   8.1244370e+01
   2.0101787e+01
   4.4027789e+01
   3.0382876e+01
   2.9676808e+01
   9.6265578e+01
   2.3602929e+01
   3.0575518e+01
   4.9114915e+01
   5.6769904e+01
   6.3311919e+01
   4.3206751e+01
   6.0476112e+01
   3.8606624e+01
   5.2137292e+01
   5.7467067e+01
   5.9796596e+01
   3.3032851e+01
   3.7993533e+01
   6.4924746e+01
   7.0558748e+01
   5.3884443e+01
   3.9490010e+01
   5.8201983e+01
   3.2374785e+01
   6.5642665e+01
   5.3034259e+01
   3.3773125e+01
   1.9945762e+01
   3.7783590e+01
   4.6044816e+01
   3.4654226e+01
   4.0095969e+01
   3.4656511e+01
   2.7413331e+01
   4.0221331e+01
   7.0456296e+01
   4.7194064e+01
   4.8574050e+01
   3.1056551e+01
   8.1262444e+01
   3.5307411e+01
   6.6931681e+01
   2.7274621e+01
   8.2561728e+00
   8.9048378e+00
   3.7261547e+01
   4.4155662e+01
   6.3816013e+01
   2.0434913e+01
   7.3003813e+01
   8.7055290e+01
   3.7178423e+01
   1.8206462e+01
   2.9675667e+01
   6.3590816e+01
   2.5068315e+01
   3.9169725e+01
   4.0811634e+01
   5.5421883e+01
   1.9771732e+01
   8.0505300e+01
   6.7011151e+01
   6.0288534e+01
   8.3150838e+01
   6.5221741e+01
   3.2149552e+01
   7.0209863e+01
   6.9373920e+01
   4.0160437e+01
   5.9827105e+01
   5.0954712e+01
   4.0509189e+01
   7.1981487e+01
   3.2429018e+01
   6.8906646e+01
   4.8057209e+01
   2.7955789e+01
   7.3781886e+00
   6.0874451e+01
   9.4952007e+01
   6.7442601e+01
   5.3166900e+01
   4.6730017e+01
   4.8725854e+01
   5.7490246e+01
   8.0910683e+01
   1.3092720e+01
   3.7591615e+01
   3.9370551e+01
   3.6212442e+01
   4.7563901e+01
   3.5153476e+01
   2.0577330e+01
  -4.8729511e+00
   5.5686335e+01
   3.5059633e+01
   4.4887626e+01
   6.6767962e+01
   3.5708419e+01
   4.8445768e+01
   3.1748924e+01
   4.0627653e+01
   9.9179431e+01
   1.0791885e+01
   4.4044232e+01
   2.9660208e+00
   4.6101307e+01
   5.8405238e+01
   3.4496636e+01
   3.3114166e+01
   4.1128607e+01
   1.3323666e+01
   1.3470815e+01
   8.3320445e+01
   6.1696218e+01
   4.8411422e+01
   6.3195285e+01
   6.7979817e+01
   4.1216009e+01
   4.8744864e+01
   6.5826765e+01
   4.6958767e+01
   3.5558122e+01
   1.8297024e+01
   4.1962988e+01
   3.0248829e+01
   2.5190542e+01
   5.9333512e+01
   3.6719510e+01
   3.7736115e+01
   6.1174582e+01
   4.6097744e+01
   4.0053027e+01
   6.4418614e+01
   3.0635289e+01
   6.6066238e+01
   3.5684006e+01
   1.4411508e+01
   5.4444464e+01
   4.4537019e+01
   6.2066766e+01
   2.2206415e+01
   3.7671489e+01
   8.1860691e+01
   4.8430053e+01
   6.2649715e+01
   5.9339901e+01
   2.3854747e+01
   3.4378618e+01
   6.7079905e+01
   3.3453701e+01
   4.9537606e+01
   8.1833285e+01
   9.0988654e+01
   5.8442979e+01
   6.8305169e+01
   3.8143158e+01
   7.3769393e+01
   3.7736134e+01
  -2.5106306e-01
   2.7181397e+01
   5.1840239e+01
   1.4893972e+01
   8.9505031e+01
   8.5913454e+00
   4.4042741e+01
   6.3534616e+01
   5.2115909e+01
   5.2144411e+01
   5.3333237e+01
   4.4104708e+01
   1.5533489e+01
   6.0508091e+01
   2.4725325e+01
   5.7755443e+01
   5.2052085e+01
   3.6114337e+01
   7.5655642e+01
   7.1928224e+01
   6.8021679e+01
   6.0346213e+01
   1.0442050e+02
   5.3067405e+01
   4.8258818e+01
   7.1055589e+01
   5.9294886e+01
   4.5780036e+01
   1.1918807e+01
   8.2162241e+01
   3.5433632e+01
   3.2865380e+01
   5.5301511e+01
   5.6552409e+01
   4.8574672e+01
   5.6670893e+01
   3.3857730e+01
  -7.7217533e+00
   6.7658212e+01
   4.5774591e+01
   4.3188863e+01
   7.2062808e+01
   7.7162692e+01
   2.5115792e+01
   3.3406929e+01
   5.0305559e+01
   2.9850477e+01
   6.3532306e+01
   4.3303973e+01
   8.2811850e+01
   8.0983276e+01
   7.0938475e+01
   1.9186566e+01
   5.8452902e+01
   3.3195748e+01
   3.9458350e+01
   6.7521356e+01
   3.8408184e+01
   4.9628677e+01
   6.5120810e+01
   4.4830949e+01
   6.1458280e+01
   7.7581036e+01
   4.4696514e+01
   3.5965743e+01
   3.3559770e+01
   4.7236945e+01
   3.3389411e+01
   3.8673249e+01
   5.0450821e+01
