   4.8768971e+01
   5.6738486e+01
   4.7999022e+01
   5.3806158e+01
   5.7255216e+01
   6.8760624e+01
   4.7619311e+01
   3.0389557e+01
   6.0247867e+01
   5.1238212e+01
   5.1804138e+01
   5.0711859e+01
   5.4065256e+01
   4.5031219e+01
   4.5015872e+01
   5.6621786e+01
   5.7412949e+01
   4.4647550e+01
   4.4200284e+01
   4.4928942e+01
   5.8949901e+01
   4.7244788e+01
   5.9756608e+01
   5.6101564e+01
   5.7763338e+01
   6.5585622e+01
   6.4330433e+01
   6.3792679e+01
   4.9672437e+01
   4.8727581e+01
   6.0234322e+01
   3.1570634e+01
   6.3514077e+01
   3.8377159e+01
   4.9939466e+01
   4.7005489e+01
   3.9498856e+01
   7.6014784e+01
   4.1619175e+01
   4.7384755e+01
   5.2239439e+01
   5.8703453e+01
   5.9276995e+01
   4.8426654e+01
   5.0546753e+01
   4.7475191e+01
   5.2926075e+01
   5.1169852e+01
   5.8977621e+01
   4.4030915e+01
   4.7071852e+01
   5.8581586e+01
   5.6793796e+01
   5.5174396e+01
   5.1941640e+01
   5.7183480e+01
   4.6177486e+01
   6.1744152e+01
   5.2754281e+01
   4.7625592e+01
   4.3484753e+01
   4.6396108e+01
   5.3232007e+01
   4.8535579e+01
   4.7477899e+01
   4.8256698e+01
   3.8173890e+01
   4.8236043e+01
   6.1823066e+01
   5.4960046e+01
   4.9180327e+01
   4.2443471e+01
   6.5118960e+01
   4.7365542e+01
   6.1000339e+01
   4.3574457e+01
   3.2880352e+01
   3.3032431e+01
   4.3460852e+01
   5.0177675e+01
   5.8809098e+01
   3.5170202e+01
   6.4436741e+01
   6.8487361e+01
   5.0076777e+01
   3.9538957e+01
   4.0411725e+01
   5.7771475e+01
   4.2446429e+01
   4.7843541e+01
   4.8156118e+01
   4.9919037e+01
   3.5514627e+01
   6.6869573e+01
   5.8964676e+01
   5.4722760e+01
   6.6089298e+01
   5.7082471e+01
   4.5710841e+01
   6.0927557e+01
   6.1006178e+01
   5.1594519e+01
   5.4885094e+01
   5.4105543e+01
   4.8579760e+01
   6.0017717e+01
   4.3030331e+01
   6.1835484e+01
   5.4215240e+01
   3.9779803e+01
   3.2068638e+01
   5.4444805e+01
   7.2119603e+01
   6.2610322e+01
   5.6530670e+01
   5.3067353e+01
   5.3223449e+01
   5.8886249e+01
   6.5710553e+01
   2.3109908e+01
   4.6074384e+01
   5.0720127e+01
   3.8227813e+01
   5.1716486e+01
   4.0288206e+01
   3.9452795e+01
   1.7934173e+01
   5.5143204e+01
   4.7487719e+01
   5.2042306e+01
   5.9137927e+01
   4.4410352e+01
   5.1960441e+01
   4.2131141e+01
   4.9107930e+01
   7.6573806e+01
   3.5080780e+01
   5.0692595e+01
   3.2309341e+01
   5.4712055e+01
   5.7730900e+01
   4.7494056e+01
   3.3271241e+01
   4.8382742e+01
   3.1592999e+01
   3.5955569e+01
   6.6273642e+01
   5.7875630e+01
   5.1736906e+01
   5.9942940e+01
   5.9582785e+01
   4.8492547e+01
   5.3744317e+01
   5.8009822e+01
   5.2589558e+01
   4.6951981e+01
   4.6906640e+01
   4.9489361e+01
   3.8291666e+01
   4.1482227e+01
   5.9269511e+01
   4.9075282e+01
   4.5424788e+01
   5.6805753e+01
   5.2148358e+01
   4.6535433e+01
   6.1711616e+01
   4.1836317e+01
   6.0926307e+01
   5.0236923e+01
   3.8096208e+01
   5.4475924e+01
   5.3397478e+01
   6.2026034e+01
   4.2644386e+01
   5.0107130e+01
   6.6788981e+01
   5.2171543e+01
   5.9296521e+01
   5.2844458e+01
   3.4519648e+01
   4.4789535e+01
   5.9689213e+01
   5.0879135e+01
   5.4137608e+01
   6.7510453e+01
   6.8670151e+01
   5.8027186e+01
   6.3041678e+01
   4.8422259e+01
   6.1922314e+01
   5.0500185e+01
   1.7271695e+01
   4.5752861e+01
   5.3298847e+01
   3.7216168e+01
   7.3266336e+01
   2.8992021e+01
   4.9263305e+01
   6.0312252e+01
   5.3379176e+01
   5.1270341e+01
   4.9949241e+01
   4.9288819e+01
   2.7173548e+01
   5.4584278e+01
   3.4461720e+01
   5.3401412e+01
   5.4783364e+01
   4.2566972e+01
   6.3507188e+01
   6.3019869e+01
   5.7141654e+01
   5.8909628e+01
   7.2271513e+01
   5.5727852e+01
   5.4368454e+01
   5.7436827e+01
   5.6498704e+01
   5.3065837e+01
   3.2851067e+01
   6.6448232e+01
   4.6293345e+01
   4.6183473e+01
   5.3805459e+01
   5.5624547e+01
   5.6987929e+01
   5.2662604e+01
   4.3775278e+01
   1.3988935e+01
   5.9185948e+01
   4.9112665e+01
   4.9287070e+01
   6.0814626e+01
   6.4472434e+01
   4.2141486e+01
   4.9445327e+01
   5.1123558e+01
   4.2866451e+01
   6.0816412e+01
   5.2282383e+01
   6.4925570e+01
   6.8364897e+01
   6.2022622e+01
   3.6356618e+01
   5.5388452e+01
   4.6881303e+01
   4.8362934e+01
   5.7462505e+01
   4.8683108e+01
   5.1324523e+01
   5.5902378e+01
   5.0550119e+01
   5.5584017e+01
   6.6209140e+01
   5.2175403e+01
   4.6173880e+01
   4.4676851e+01
   4.9639008e+01
   4.5846332e+01
   4.8000879e+01
   5.4197274e+01
