   8.6388954e+00
  -5.4867164e+01
  -9.4692853e+00
  -3.3851275e+01
   5.2710292e+00
   1.9935261e+01
  -4.6619974e+01
   1.5394296e+01
  -4.9620498e+00
   8.0987261e-01
  -1.5587241e+01
  -3.1312870e+01
   3.8673489e+01
   2.4325246e+01
   2.4320238e+01
   4.8844349e+00
  -3.0726823e+01
   1.3304963e+01
   1.1532547e+01
  -1.4848609e+01
   4.0511606e+01
   2.1280292e+01
   4.5618403e+01
  -1.6284645e+01
   7.3856511e+00
  -1.1413542e+01
  -1.1757947e+01
  -1.0390935e+01
   9.8795799e+00
   1.1064383e+01
  -2.9122929e-01
  -1.2092961e+00
   2.1915242e-01
  -1.3917563e+00
  -3.0247734e+00
   1.8979628e+01
  -3.0298930e+00
  -3.2299568e+01
  -2.3305478e+00
   1.5090948e+01
  -5.2000759e+00
   1.7383621e+00
   2.0230789e+01
  -3.0300602e+01
   2.5601409e+01
   2.9799998e+01
   2.1180749e+01
  -8.5850765e+00
  -1.8693609e+01
   4.9840341e+01
  -8.3877596e+00
  -1.8643569e+01
   3.0275235e+00
   2.0797451e+01
  -1.1920138e+01
   6.6178134e+00
   1.5831881e+01
   2.8060948e+01
  -2.3371427e+01
  -1.0722847e+01
  -2.9629975e+01
   2.4243721e+01
   1.2609846e+01
  -4.6150312e+01
  -2.2141690e+01
  -3.3251369e+00
   2.6842812e+01
  -1.3461441e+01
   1.3025532e+01
  -3.1968621e+01
   3.2496341e+01
  -1.5977801e+00
   1.3658014e+01
  -1.9323228e+00
  -1.9829300e+00
  -4.4759208e+01
  -2.4564371e+01
   5.0445847e+00
   1.2642949e+00
   1.0877846e+01
  -1.3845727e+01
   5.3913351e+00
  -1.1927205e+00
  -2.2661008e+01
   7.1371225e+00
   9.1833044e+00
   1.2814697e+01
  -8.0545359e+00
  -5.7843872e+00
   1.3296489e+01
  -8.3426531e+00
   9.8576309e+00
   9.6070782e+00
   2.0037815e+01
   1.7645186e+01
  -8.9397732e+00
   3.5257008e+01
  -3.9301011e+00
   1.8292699e+01
   3.2989696e+01
   6.5922865e+00
   2.6998355e+01
  -3.2170858e+01
   6.4718100e+00
  -6.0887639e+01
   6.9301458e+00
  -1.7782709e+01
  -4.2410942e+01
  -4.5431739e+01
  -5.0662316e+00
   1.0729058e+01
   2.3031127e+01
  -2.3690814e+01
   4.4613384e+00
   2.5214407e+01
   1.9238175e+01
  -1.6102475e+01
   2.3101345e+01
  -7.4611298e-01
  -1.0707131e+01
  -1.9216455e+00
   8.5532762e+00
   2.3912658e+01
  -8.8574874e+00
   1.2851792e+01
  -2.1159582e+01
   1.4235124e+01
  -3.8054284e+01
  -9.9743070e+00
   3.6674307e+01
   2.0185405e+01
  -1.2254159e+01
   1.2686550e+01
  -5.1326416e-01
   1.6784695e+01
   1.8771048e+01
  -2.7084622e+01
  -2.6627139e+01
  -1.2082398e+01
  -1.2788009e+01
   6.9466243e+00
   7.3140687e+00
   3.9822589e+00
   1.4846979e+01
   1.7117528e+01
  -1.0655148e+01
  -8.4682260e+00
   2.6300772e+00
  -2.7722274e+00
   3.3092965e+00
   1.7019541e+01
   3.7378301e+00
  -3.3224857e+00
   1.0598416e+01
   2.7288188e+01
   2.2480725e+01
  -2.3228069e+01
   5.3241062e+00
   1.2393524e+01
  -1.6077155e+01
  -1.5491236e+01
  -3.0295822e+01
   8.3793587e-01
  -5.3068197e+00
  -9.9123760e+00
  -2.1612128e+01
  -8.7071868e-01
   1.8618403e+01
   1.3548642e+01
  -9.8863554e+00
  -1.1205865e+00
  -7.4791374e+00
  -7.7700928e+00
   6.1944385e+00
  -1.6676682e+01
  -1.3182073e+01
  -4.6329137e+00
  -1.0245761e+00
   2.9130642e+01
   2.6801315e+00
  -1.2455501e+01
  -1.2633110e+00
   7.9500973e+00
  -4.1585501e+00
  -4.8216275e-01
   1.5960930e+01
  -7.4046106e+00
   4.5717474e+00
   1.1961107e+00
   1.9289261e-01
   1.8217369e+01
   2.2178082e+01
  -5.1955056e+00
  -3.1791722e+01
   6.6759143e-01
  -1.5420168e+00
   3.6489725e+00
   1.1784247e+01
  -2.4394105e+01
  -1.4460685e+00
   1.7337038e+01
   1.1529322e+01
  -2.6226403e+01
  -8.0787353e+00
  -8.6441760e+00
   1.0026247e+00
  -1.0654147e+01
   7.3626472e-01
   1.7148391e+00
  -5.4614851e+00
   9.6359069e+00
  -4.4551269e+00
  -7.6553044e+00
