   6.7598069e+01
   3.0016950e+01
   5.5467184e+01
   4.8737095e+01
   4.1646479e+01
   6.6577362e+01
   1.7245113e+01
   5.7296218e+01
   4.6094570e+01
   4.5802460e+01
   4.0431213e+01
   4.1684089e+01
   7.1386447e+01
   9.7526964e+01
   6.7288547e+01
   1.9577493e+01
  -1.5818391e-01
   4.9941937e+01
   5.1289791e-01
   5.2474945e+01
   3.0185806e+01
   4.3144265e+01
   9.7386859e+01
   3.2823126e+01
   8.2980400e+01
   1.9053160e+01
   3.2182235e+01
   1.6715550e+01
   7.3426360e+01
   5.1354490e+01
   3.7978017e+01
   3.9112458e+01
   6.1985848e+01
   7.6348128e+01
   3.3525696e+01
   3.7088600e+01
   5.2432508e+01
   2.6042657e+01
   4.0927460e+01
   1.7777321e+01
   7.6355026e+01
   7.7752688e+01
   6.9641554e+01
   7.2294278e+01
   1.9741309e+01
   2.9308297e+01
   5.3167421e+01
   6.9350760e+01
   8.1967404e+01
   6.4565106e+01
   6.0642200e+01
   4.3753297e+01
   7.6123084e+01
   5.7633652e+01
   7.7346162e+00
   7.2346962e+01
   4.4947581e+01
   3.7320181e+01
   7.9202086e+01
   1.9522122e+01
   4.9802870e+01
   3.4096976e+01
   4.9667567e+01
   4.8246390e+01
   8.0261008e+01
   1.7270432e+01
   3.9870025e+01
   5.6477908e+01
   6.7372133e+01
   7.6548317e+01
   5.0355489e+01
   3.2923811e+01
   1.1778569e+01
   3.1481749e+01
   6.3684473e+01
   6.4323191e+01
   2.7784267e+01
   6.5205556e+00
   1.4016619e+01
   6.1723930e+01
   2.6245047e+01
   4.8782307e+01
   3.7724785e+01
   5.2766689e+01
   2.9056706e+01
   3.5410304e+01
   5.1777749e+01
   7.2161745e+01
   1.3872824e+01
   4.5816822e+01
   4.4350747e+01
   4.0076029e+01
   4.7339392e+01
   6.4435084e+01
   4.8851795e+01
   6.9589380e+01
   5.4888074e+01
   6.4776786e+01
   3.7199988e+01
   5.2143147e+01
   4.4454859e+01
   1.7473095e+01
   6.6363229e+01
   3.2266249e+01
   1.4946769e+01
   2.6706720e+01
   8.3576945e+00
   7.1615573e+01
   8.3430918e+01
   4.1036507e+01
   2.7945791e+01
   6.0691764e+01
   2.4548983e+01
   8.7398139e+01
   7.1002686e+01
   5.8576168e+01
   4.0085366e+01
   1.7475744e+01
   8.2936885e+01
   5.8466822e+01
   3.7895367e+01
   6.1654336e+01
   9.6936939e+00
   3.8191356e+01
   2.5712004e+01
   6.1281510e+01
   4.9451825e+01
   4.2489790e+01
   1.8827531e+01
   9.9003628e+01
   6.3894501e+00
   3.2467133e+01
   1.5112461e+01
   8.7237653e+01
   7.5472496e+01
   1.1811131e+01
   3.2648296e+01
   3.9067730e+01
   4.4985464e+01
   2.3696290e+01
   2.2555339e+01
   5.4985066e+01
   5.7761166e+01
   2.8183908e+01
   2.6717689e+01
   3.7878837e+01
   5.3926102e+01
   2.7265591e+01
   1.9575991e+01
   6.5887603e+01
   4.2050151e+01
   6.0910080e+01
   5.2181894e+01
   6.8030410e+01
   4.1246627e+01
   4.1142696e+01
   2.1630034e+01
   3.4418211e+01
   8.3428141e+01
   6.8024311e+01
   6.9550420e+01
   8.5021603e+01
   7.3388570e+01
   4.7032846e+01
   1.0113704e+01
   2.5040411e+01
   8.0018051e+00
   3.9064776e+01
   7.7216410e+01
   4.6499835e+01
   6.0495409e+01
   5.3308052e+01
   4.3777420e+01
   8.0403587e+01
   6.4914746e+01
   4.3848274e+01
   4.1543038e+01
   6.0066988e+01
   1.1575362e+01
   6.1700661e+01
   7.7035191e+01
   7.1849424e+01
   9.2263703e+01
   2.0150260e+01
   3.7857021e+00
   8.0278414e+01
   5.9177969e+01
   3.3961612e+01
   9.5622247e+01
   4.8896328e+01
   2.1473997e+01
   2.8145184e+01
   6.6882693e+01
   9.5218784e+01
   3.0177858e+01
   6.6613283e+01
   7.5701345e+01
   7.9582985e+01
   5.9351986e+01
   3.5405778e+01
   1.2415817e+01
   2.9516278e+01
   2.3905432e+01
  -4.0875783e+00
   8.6347148e+01
   5.1871712e+01
   4.3025695e+01
   4.6107041e+01
   4.2603891e+01
   4.7708520e+01
   2.7079838e+01
   3.3261414e+01
   6.6812531e+01
   1.2782686e+01
   6.0157444e+01
   1.6108014e+01
   3.5396176e+01
   3.9267034e+01
   4.9172043e+01
   4.4452872e+01
   3.1288052e+01
