16
9
45
31
5
36
14
44
9
37
19
31
51
9
14
4
3
5
45
6
33
8
2
5
22
25
15
1
36
46
26
12
16
2
23
33
28
5
3
18
9
10
2
16
20
16
42
15
25
2
6
54
22
14
19
4
2
12
6
5
37
13
32
16
57
11
22
2
7
29
28
10
41
6
13
23
27
16
32
16
18
17
31
34
4
3
6
24
8
35
5
11
26
20
33
33
29
8
12
9
24
24
38
2
38
22
25
7
10
40
20
27
11
14
35
27
11
41
13
21
49
33
33
10
16
6
26
4
24
5
9
10
25
41
1
7
44
25
17
18
5
3
23
49
31
4
6
21
25
8
14
14
38
30
36
49
2
2
16
13
17
11
19
12
15
8
18
51
7
18
30
38
7
13
24
20
34
7
5
1
15
18
5
12
4
18
26
11
16
23
36
19
9
28
9
37
2
63
31
2
35
2
33
34
3
58
2
4
4
11
26
6
13
20
15
30
23
12
35
2
7
19
23
35
9
20
18
14
19
12
6
73
2
46
34
28
46
11
1
3
14
18
5
3
40
18
3
2
17
10
34
7
18
7
5
18
18
1
20
25
36
9
20
16
5
21
5
24
38
31
