   3.1215538e-01
   4.1334992e-01
   5.3836693e-01
   8.3516594e-01
   3.6312887e-01
   8.1557302e-01
   5.9446339e-02
   5.8039241e-01
   2.4557368e-01
   7.0133433e-01
   5.6450148e-01
   3.0958075e-01
   8.2180978e-01
   8.6017958e-01
   8.3406804e-01
   5.7019949e-01
   2.6171488e-01
   1.8993249e-01
   4.4928070e-01
   2.5469072e-01
   7.9302493e-01
   6.3188798e-01
   1.1169190e+00
   4.6417062e-01
   7.9751784e-01
   3.0067061e-01
   8.0728720e-01
   1.5906101e-01
   6.3414841e-01
   2.8100256e-01
   2.7974366e-01
   7.8702899e-01
   6.1414494e-01
   4.9691673e-01
   2.8986073e-01
   5.1545126e-01
   4.6692803e-01
   6.9676818e-01
   3.7858412e-01
   7.4195892e-02
   8.5930946e-01
   5.7791487e-01
   6.7572659e-01
   8.5534210e-01
   3.1515407e-01
   4.8084092e-02
   7.1138417e-01
   6.6229048e-01
   6.1404039e-01
   6.2075410e-01
   9.4062610e-01
   3.2394363e-01
   7.6043303e-01
   2.8859409e-01
   1.8856857e-01
   5.7963997e-01
   5.1108342e-01
   2.5407185e-01
   8.8693793e-01
   4.9855121e-02
   4.7558232e-01
   1.1165114e-01
   7.7285281e-01
   7.2918220e-01
   1.7082298e-01
   5.1698875e-01
   3.5527924e-01
   2.4531835e-01
   7.3971180e-01
   4.2697715e-01
   3.2334304e-01
   7.2319629e-01
   2.4922718e-01
   5.4309384e-01
   8.5637926e-01
   8.7658095e-01
   1.0379460e-01
   2.4047238e-01
   4.3559636e-01
   7.9364490e-01
   4.2746966e-01
   8.7931556e-01
   3.0134039e-01
   4.8500201e-01
   4.4379150e-01
   6.6020384e-01
   1.6235645e-01
   6.6902020e-01
   5.3688091e-01
   4.8966474e-01
   7.9828588e-01
   3.6179617e-01
   4.1801392e-01
   8.0444547e-01
   3.2764453e-01
   7.6437013e-01
   4.4850322e-01
   2.2979520e-01
   1.0633301e+00
   5.3205071e-01
   8.6567690e-01
   7.0480077e-01
   1.5495253e-01
   1.7468673e-01
   6.1179782e-02
   5.8427711e-02
   7.3357388e-01
   5.2536715e-02
   9.7543181e-01
   7.5257669e-01
   5.4380945e-01
  -6.4597951e-02
   5.9574015e-01
   5.1373735e-01
   7.0139975e-01
   4.5749187e-01
   6.6297786e-01
   4.5061417e-01
   6.1866224e-01
   9.1036017e-01
   6.1366033e-01
   4.8515405e-01
   5.2675083e-01
   4.8905968e-01
   7.0888803e-01
   2.9193387e-01
   1.3713150e-02
   5.4361003e-01
   2.5295149e-01
   7.0792349e-01
   2.3076850e-01
   6.3222963e-01
   3.9410534e-01
   4.8696037e-01
   2.8998747e-01
   9.0403182e-01
   1.7400447e-01
   5.4089952e-02
   5.4752068e-01
   4.9882702e-01
   2.1997103e-01
   3.8102320e-01
   5.7829317e-01
   5.7562064e-01
   3.4516928e-01
   5.2092885e-01
   1.0921234e-01
   7.6394660e-01
   2.2857875e-01
   4.3600146e-01
   8.3726668e-01
   4.7659123e-01
   7.0305793e-01
   5.8171277e-01
   2.7878427e-01
   6.1039549e-01
   6.7849621e-01
   3.2516201e-01
   8.6800852e-01
   5.1230839e-01
   7.9935555e-01
   8.0477395e-01
   1.3411140e-01
   7.1473841e-02
   2.3508414e-01
   3.1479957e-01
   7.7623540e-01
   2.6696060e-01
   6.3661200e-01
   7.5846274e-01
   2.7929799e-01
   7.2904977e-01
   6.7204906e-01
   5.3524654e-01
   3.6687659e-01
   5.1025994e-01
   2.7091734e-01
   7.0601177e-01
   7.1422578e-01
   5.6319300e-01
   7.3010553e-01
   4.6456085e-01
   7.6465056e-01
   4.1454237e-01
   8.9000997e-01
   4.0691844e-01
   1.7882652e-01
   2.7960368e-01
   4.0298677e-01
   2.6897827e-01
   4.3019441e-01
   7.3651666e-01
   2.1756991e-01
   4.0764517e-01
   5.4679339e-01
   3.5206818e-01
   3.9074710e-01
   7.4273049e-01
   3.7415154e-01
   8.3533803e-01
   3.6589719e-01
   3.9682528e-01
   1.8182476e-01
   5.8313745e-01
   2.1693571e-01
   1.1184015e+00
   4.0928410e-01
   3.1678329e-01
   1.2768146e-01
   6.4379567e-01
   9.5652359e-01
   5.6803732e-01
   4.6209255e-01
   6.4293226e-01
   1.8671425e-01
   2.5842374e-01
   2.9048095e-01
   5.5645555e-01
   5.3523248e-01
   4.1545792e-01
   6.4035779e-01
   5.6356527e-01
