  -2.6049838e+01
   2.1315626e+01
   2.3722452e+01
   1.5140245e+01
   2.2114138e+01
  -5.1141627e+01
   3.6693141e+01
  -1.3735963e+01
  -7.8353596e+00
  -7.2280016e+00
  -3.7904295e+01
   1.1800153e+01
   1.7840072e+01
   4.4348527e+01
   5.0004501e+00
  -2.5764974e+01
  -1.2147391e+01
  -5.1848939e+01
  -3.1699170e+01
   2.0809734e+01
  -9.8768276e+00
   4.0066860e+01
  -1.1564703e+01
   4.8218612e+01
  -5.9561192e+01
   9.4392729e+00
  -2.4028849e+01
   3.1871329e+01
   5.9754689e+00
   9.4181855e+00
   2.3312842e+01
  -9.4705345e+00
   6.3149010e+00
  -3.9022850e+00
   4.2070285e+00
  -1.2989261e+01
  -2.7053567e+01
  -3.6472747e+01
  -5.2289749e+01
   1.9913675e+01
   1.8857165e+01
   7.9486720e+00
   2.3663044e+01
   7.9388153e+00
  -3.7575425e+01
   3.3600051e+01
   1.1541032e+00
   1.7281855e+01
   2.5698642e+01
   1.1253069e+01
  -6.1993669e-01
   1.5552100e+00
  -3.6844221e+01
   2.6416251e+01
   2.7265489e+01
   3.6499495e+00
   4.0290527e+01
  -2.9729392e+01
  -4.3449886e+00
  -3.7670135e+01
   1.9700764e+01
  -1.6429182e+00
  -8.1147729e+00
  -2.7004531e+01
  -2.0606255e+01
   9.0423196e+00
  -7.5364720e+00
   3.1541222e+01
  -8.2217475e+00
   4.3492210e+01
  -3.5678936e+01
  -6.0127151e-01
  -1.3809902e+01
   1.8523301e+01
  -4.2946979e+01
  -2.9223722e+01
  -3.2483715e+01
  -1.4672600e+01
   1.4433431e+01
   1.2935085e-01
  -1.6077426e+01
   1.5089322e+01
   1.3183967e+01
   1.2823130e+01
  -1.5885094e+01
   2.9385374e+01
  -6.2784621e+00
  -1.6651046e+01
   1.2874675e+01
  -7.2804877e+00
  -3.1914052e+01
   1.4037850e+01
  -4.9359659e+00
   2.3031050e+01
   3.7530323e+01
   6.0993596e+00
   5.4865338e+01
   1.6880873e+01
   1.1742326e+01
  -2.4204048e+00
   2.7484915e+00
   8.9129299e+00
  -3.9596089e+01
  -4.9091199e+01
   1.6948400e+01
  -6.8835334e+01
   3.4513784e+01
   2.5379531e+01
  -2.4587528e+01
  -2.8545047e+01
   9.4116156e+00
   9.2276409e+00
   1.7532923e+01
   1.6247482e+01
  -2.1466146e+01
   2.0063963e+01
  -2.5000090e+01
   3.8143355e+01
   3.2226118e+01
  -1.6145490e+01
  -8.6876775e+00
   9.8503924e-01
   3.8077993e+01
  -3.4196837e+01
  -1.9751541e+01
   9.1063023e-01
  -1.5962778e+01
   1.4150823e+01
  -2.6813671e+01
   4.0823375e+01
   2.7388903e+01
  -1.4333308e+01
   1.1187710e+01
   2.1019470e+01
  -4.6339905e+00
  -3.1926947e+00
   2.2171826e+01
  -3.8749368e+00
  -1.6282378e+01
  -8.1068861e+00
   1.5441724e+01
  -6.3413813e+00
  -1.1545735e+01
  -2.9306809e+01
  -9.2810057e+00
   2.5111766e+01
   2.1325864e+01
  -1.3090764e+01
   1.5794104e+01
  -3.2837081e+01
  -5.3935957e+00
   1.3684260e+01
   8.4338831e+00
  -3.7871892e+00
  -2.2197501e+01
   1.9061531e+01
  -2.2135407e+01
   3.0942856e+01
  -3.2020736e+00
   1.3503923e+01
  -3.6386088e+01
  -3.5084827e+01
  -1.3038920e+00
  -1.9465248e+01
   1.4150589e+01
  -4.7583588e+01
   5.8955206e+00
  -1.2353494e+01
  -2.2703795e+01
   1.7118183e+01
  -3.6672299e+01
   2.1411619e+01
   1.7900512e+01
  -8.5967298e+00
  -1.5888344e+01
   1.5152330e+01
   4.7508674e+00
  -1.7237425e+00
   2.4001183e+00
   5.4550178e+00
   4.2537792e+01
  -1.4086651e+00
   3.0859114e+01
   2.4993229e+01
  -1.5935712e+01
   3.5640720e+01
   9.8477899e+00
   1.1232904e+01
   5.2628371e+01
   1.4593128e+01
  -5.8028973e+01
  -2.0307024e+00
  -1.0125533e+01
  -6.6767284e+00
   1.5187227e+01
  -7.2090726e+00
   6.6447127e+01
   1.0098022e+01
  -2.4858718e+01
  -5.5691704e+01
   1.0845385e+01
  -2.9734029e+01
   5.1952384e+01
   6.6421206e+00
   1.0009957e+01
  -1.1486571e+01
  -3.9205333e+01
   2.5210817e+01
  -1.0792824e+01
  -2.0934784e+01
  -1.1934373e+01
  -3.4546771e+01
  -1.2774422e+01
   7.2041554e+00
   2.1921905e+01
   4.0975540e+00
   2.6338707e+01
  -1.7355375e+01
  -2.3461967e+00
